"CAVS_CODE","CAAB_CODE","NAMES_VARIOUS","SCIENTIFIC_NAME","FAMILY","GENUS","SUBGENUS","SPECIES","SUBSPECIES","NAME_TYPE","NAME_SUBTYPE","RANK","QUALIFICATION","AUTHOR","YEAR","ORIG_COMBINATION","NAME_GUID","NAME_LAST_UPDATE","TAXON_GUID","TAXON_LAST_UPDATE","PARENT_TAXON_GUID","CONCEPT_GUID","PUB_PUB_AUTHOR","PUB_PUB_YEAR","PUB_PUB_TITLE","PUB_PUB_PAGES","PUB_PUB_PARENT_BOOK_TITLE","PUB_PUB_PARENT_JOURNAL_TITLE","PUB_PUB_PARENT_ARTICLE_TITLE","PUB_PUB_PUBLICATION_DATE","PUB_PUB_PUBLISHER","PUB_PUB_FORMATTED","PUB_PUB_QUALIFICATION","PUB_PUB_TYPE","PUBLICATION_GUID","PUBLICATION_LAST_UPDATE","PARENT_PUBLICATION_GUID"
"","37287031","taenianotus","Ablabys taenianotus (Cuvier, 1829)","TETRAROGIDAE","Ablabys","","taenianotus","","Valid Name","","Species","","Cuvier","1829","N","71c1e0c7-bbe0-4f6f-acd9-f944a7cb4eda","20150423T08:02:11.608+0000","0b88f0d6-47a1-4a93-ba48-32dd5a6a2f08","20150505T21:35:04.768+0000","f3e1f03f-ae31-423d-b650-c217c808a6d7","0b88f0d6-47a1-4a93-ba48-32dd5a6a2f08","","","","","","","","","","","","","","",""
"","37372003","bengalensis","Abudefduf bengalensis (Bloch, 1787)","POMACENTRIDAE","Abudefduf","","bengalensis","","Valid Name","","Species","","Bloch","1787","N","1fe0c3b6-2a4e-4527-8e72-f0520fefd296","20170529T07:18:37.520+0000","9b8dd556-6274-4d3a-abdf-656209bddbd3","20170727T04:09:21.978+0000","1ca187b2-ee15-4070-93c5-70dae451ad0e","9b8dd556-6274-4d3a-abdf-656209bddbd3","","","","","","","","","","","","","","",""
"","37372011","sexfasciatus","Abudefduf sexfasciatus (Lacépède, 1801)","POMACENTRIDAE","Abudefduf","","sexfasciatus","","Valid Name","","Species","","Lacépède","1801","N","1eb39c0b-7832-4ee9-8169-24b617929d54","20170512T09:52:19.467+0000","9ae3dc80-8bb4-4109-a9c4-d11566a2712f","20170727T04:09:21.978+0000","1ca187b2-ee15-4070-93c5-70dae451ad0e","9ae3dc80-8bb4-4109-a9c4-d11566a2712f","","","","","","","","","","","","","","",""
"","37372012","sordidus","Abudefduf sordidus (Forsskål, 1775)","POMACENTRIDAE","Abudefduf","","sordidus","","Valid Name","","Species","","Forsskål","1775","N","a3cc41bb-1100-4c86-9ecd-1dcc225a3bfc","20160315T06:19:03.600+0000","0aecdd47-a39c-4581-9e68-7daffdd4bfd1","20170727T04:09:21.978+0000","1ca187b2-ee15-4070-93c5-70dae451ad0e","0aecdd47-a39c-4581-9e68-7daffdd4bfd1","","","","","","","","","","","","","","",""
"","37372013","vaigiensis","Abudefduf vaigiensis (Quoy & Gaimard, 1825)","POMACENTRIDAE","Abudefduf","","vaigiensis","","Valid Name","","Species","","Quoy & Gaimard","1825","N","e45d94fe-811b-4fed-8379-f126d45acc36","20170529T06:31:57.236+0000","268b9721-ffc9-41f1-a58c-f30fde3241dd","20170727T04:09:21.978+0000","1ca187b2-ee15-4070-93c5-70dae451ad0e","268b9721-ffc9-41f1-a58c-f30fde3241dd","","","","","","","","","","","","","","",""
"","37372014","whitleyi","Abudefduf whitleyi Allen & Robertson, 1974","POMACENTRIDAE","Abudefduf","","whitleyi","","Valid Name","","Species","","Allen & Robertson","1974","Y","51df8889-090c-407d-9c02-8e4932fb7c3f","20170512T09:57:40.737+0000","424136da-d264-4384-9ab5-cb84ec9c060f","20170727T04:09:21.978+0000","1ca187b2-ee15-4070-93c5-70dae451ad0e","424136da-d264-4384-9ab5-cb84ec9c060f","","","","","","","","","","","","","","",""
"","37311131","cinctus","Acanthistius cinctus (Günther, 1859)","SERRANIDAE","Acanthistius","","cinctus","","Valid Name","","Species","","Günther","1859","N","b1719fd0-b1c9-4d7c-8d5e-68bbb7f28da8","20121130T05:29:24.269+0000","a322f4f0-5bb5-4553-b553-1569e8d4d192","20180601T06:02:12.387+0000","a3c4911b-5253-4b00-80e5-7ddc6487a4ec","a322f4f0-5bb5-4553-b553-1569e8d4d192","","","","","","","","","","","","","","",""
"","37311090","ocellatus","Acanthistius ocellatus (Günther, 1859)","SERRANIDAE","Acanthistius","","ocellatus","","Valid Name","","Species","","Günther","1859","N","e8198ead-5436-4175-9411-400b4317598a","20120107T07:48:36.800+0000","65d5f7d8-7e3a-45c1-80d7-1e6679a29ebb","20180601T06:02:12.387+0000","a3c4911b-5253-4b00-80e5-7ddc6487a4ec","65d5f7d8-7e3a-45c1-80d7-1e6679a29ebb","","","","","","","","","","","","","","",""
"","37441024","solandri","Acanthocybium solandri (Cuvier, 1832)","SCOMBRIDAE","Acanthocybium","","solandri","","Valid Name","","Species","","Cuvier","1832","N","d479b17e-d307-4e87-b353-ebec942ab43d","20131008T23:07:52.756+0000","f87aac26-a3ee-4e16-a9f7-e0426bb94f1f","20131008T23:07:52.756+0000","5110559f-ef6f-4937-95a5-b03e2f548aba","f87aac26-a3ee-4e16-a9f7-e0426bb94f1f","","","","","","","","","","","","","","",""
"","37437007","blochii","Acanthurus blochii Valenciennes, 1835","ACANTHURIDAE","Acanthurus","","blochii","","Valid Name","","Species","","Valenciennes","1835","Y","8439bf63-339d-4567-b7af-611642c82a3c","20131008T23:07:52.756+0000","0bb4416b-6c8f-478c-8f2e-479a1cd90124","20131008T23:07:52.756+0000","6eb687f6-fb30-456c-b548-57e3589ab102","0bb4416b-6c8f-478c-8f2e-479a1cd90124","","","","","","","","","","","","","","",""
"","37437008","dussumieri","Acanthurus dussumieri Valenciennes, 1835","ACANTHURIDAE","Acanthurus","","dussumieri","","Valid Name","","Species","","Valenciennes","1835","Y","c0be9611-1828-4fc7-a2a9-549657c218e8","20131008T23:07:52.756+0000","cac4e177-ad22-4798-b923-def92ff46b98","20131008T23:07:52.756+0000","6eb687f6-fb30-456c-b548-57e3589ab102","cac4e177-ad22-4798-b923-def92ff46b98","","","","","","","","","","","","","","",""
"","37437014","nigrofuscus","Acanthurus nigrofuscus (Forsskål, 1775)","ACANTHURIDAE","Acanthurus","","nigrofuscus","","Valid Name","","Species","","Forsskål","1775","N","6654154b-43cb-4d52-bc06-a7d718c9840c","20131008T23:07:52.756+0000","9581991b-9a2b-4e64-9117-53fab512863e","20170531T00:56:50.278+0000","6eb687f6-fb30-456c-b548-57e3589ab102","9581991b-9a2b-4e64-9117-53fab512863e","","","","","","","","","","","","","","",""
"","37437016","olivaceus","Acanthurus olivaceus Bloch & Schneider, 1801","ACANTHURIDAE","Acanthurus","","olivaceus","","Valid Name","","Species","","Bloch & Schneider","1801","Y","afe6cb9a-2783-45d8-90a8-6e99eb37eee5","20131008T23:07:52.756+0000","eaadc13b-487d-4ca2-8caf-50ecd909e493","20131008T23:07:52.756+0000","6eb687f6-fb30-456c-b548-57e3589ab102","eaadc13b-487d-4ca2-8caf-50ecd909e493","","","","","","","","","","","","","","",""
"","37437019","triostegus","Acanthurus triostegus (Linnaeus, 1758)","ACANTHURIDAE","Acanthurus","","triostegus","","Valid Name","","Species","","Linnaeus","1758","N","ebcbf5dd-11e6-404b-9a29-980f2573f8bc","20131008T23:07:52.756+0000","df01cfaa-63e4-4e7f-9143-7f303a8dca1e","20131008T23:07:52.756+0000","6eb687f6-fb30-456c-b548-57e3589ab102","df01cfaa-63e4-4e7f-9143-7f303a8dca1e","","","","","","","","","","","","","","",""
"","37055002","oligolepis","Albula oligolepis Hidaka, Iwatsuki & Randall, 2008","ALBULIDAE","Albula","","oligolepis","","Valid Name","","Species","","Hidaka, Iwatsuki & Randall","2008","Y","77a75be8-5afb-45db-afb0-4a4db8d9845b","20181003T07:40:13.135+0000","26bef5bc-4a97-44fb-995a-19aabc120e46","20190305T04:57:36.559+0000","bf70d028-a6b0-4295-b081-30ee6b2c5e00","26bef5bc-4a97-44fb-995a-19aabc120e46","","","","","","","","","","","","","","",""
"","37081004","affinis","Aldrovandia affinis (Günther, 1877)","HALOSAURIDAE","Aldrovandia","","affinis","","Valid Name","","Species","","Günther","1877","N","58bbd53b-7237-4069-8c85-13b00d3e64af","20180817T06:14:26.561+0000","552326a0-95a1-439b-b53f-943a3db80904","20190305T04:57:36.559+0000","3e51c5bd-5016-4f5a-a713-c6d2c20de100","552326a0-95a1-439b-b53f-943a3db80904","","","","","","","","","","","","","","",""
"","37081005","phalacra","Aldrovandia phalacra (Vaillant, 1888)","HALOSAURIDAE","Aldrovandia","","phalacra","","Valid Name","","Species","","Vaillant","1888","N","253c6578-4707-4a3c-a69c-c99661bd4e47","20180802T07:37:39.659+0000","8d85b3ba-1bf3-4b56-a386-e0853536273a","20190305T04:57:36.559+0000","3e51c5bd-5016-4f5a-a713-c6d2c20de100","8d85b3ba-1bf3-4b56-a386-e0853536273a","","","","","","","","","","","","","","",""
"","37337018","ciliaris","Alectis ciliaris (Bloch, 1787)","CARANGIDAE","Alectis","","ciliaris","","Valid Name","","Species","","Bloch","1787","N","07a5ffe4-e141-4424-83f8-a05c3da5360a","20120114T07:22:22.310+0000","85e81815-9486-466a-8d02-4d3ba4daf0c1","20121213T07:07:48.331+0000","a56ad222-fb48-4253-85d3-8d6bc3505626","85e81815-9486-466a-8d02-4d3ba4daf0c1","","","","","","","","","","","","","","",""
"","37128001","ferox","Alepisaurus ferox Lowe, 1833","ALEPISAURIDAE","Alepisaurus","","ferox","","Valid Name","","Species","","Lowe","1833","Y","1781c4e2-3841-46ff-bbe2-5b028ca6f2b1","20160714T09:38:53.984+0000","09365590-119f-4aa6-b550-95b349002236","20161222T00:27:39.419+0000","b41e003d-2237-4b02-a2f2-2bb028c7ae21","09365590-119f-4aa6-b550-95b349002236","","","","","","","","","","","","","","",""
"","37114013","antipodianus","Alepocephalus antipodianus (Parrott, 1948)","ALEPOCEPHALIDAE","Alepocephalus","","antipodianus","","Valid Name","","Species","","Parrott","1948","N","6692c14e-75ec-479b-84b5-e08d3373a640","20160523T00:06:44.378+0000","d2371ffd-1505-4089-861c-0ab6f362e397","20160606T05:32:28.811+0000","ade0043a-0530-4578-8d69-3752edbd34a9","d2371ffd-1505-4089-861c-0ab6f362e397","","","","","","","","","","","","","","",""
"","37114014","australis","Alepocephalus australis Barnard, 1923","ALEPOCEPHALIDAE","Alepocephalus","","australis","","Valid Name","","Species","","Barnard","1923","Y","3c42e07f-40bc-4737-b21c-44292a03c2d9","20160523T00:06:44.378+0000","85beb4fd-e7cb-451b-8bf2-c177ec90dc7a","20160606T05:32:28.811+0000","ade0043a-0530-4578-8d69-3752edbd34a9","85beb4fd-e7cb-451b-8bf2-c177ec90dc7a","","","","","","","","","","","","","","",""
"","37114042","owstoni","Alepocephalus owstoni Tanaka, 1908","ALEPOCEPHALIDAE","Alepocephalus","","owstoni","","Valid Name","","Species","","Tanaka","1908","Y","50347cfc-4bbf-4edc-b25e-e371e770c610","20160523T00:06:44.378+0000","b0fb530a-492c-4d0c-9667-b3eae23b215a","20160606T05:32:28.811+0000","ade0043a-0530-4578-8d69-3752edbd34a9","b0fb530a-492c-4d0c-9667-b3eae23b215a","","","","","","","","","","","","","","",""
"","37228106","piger","Alionematichthys piger (Alcock, 1890)","BYTHITIDAE","Alionematichthys","","piger","","Valid Name","","Species","","Alcock","1890","N","aabcf014-d3de-4be6-81af-5f9e416db488","20150520T05:17:49.908+0000","f56fe769-305d-4299-bb45-19d1e12d9a92","20150622T00:52:33.563+0000","8fec6338-ed0c-4911-8f82-3dcad6d4ba9d","f56fe769-305d-4299-bb45-19d1e12d9a92","","","","","","","","","","","","","","",""
"","37266004","verrucosus","Allocyttus verrucosus (Gilchrist, 1906)","OREOSOMATIDAE","Allocyttus","","verrucosus","","Valid Name","","Species","","Gilchrist","1906","N","da0be7c0-a567-4132-a813-927fba8bf05a","20130506T02:36:46.275+0000","d1e7ccac-e0a8-461d-83b1-181b61e63e83","20130506T04:26:12.282+0000","daf66381-5fc6-4909-b492-fb0ca43cda4d","d1e7ccac-e0a8-461d-83b1-181b61e63e83","","","","","","","","","","","","","","",""
"","37469002","pilatus","Allomycterus pilatus Whitley, 1931","DIODONTIDAE","Allomycterus","","pilatus","","Valid Name","","Species","","Whitley","1931","Y","43a50cba-4e53-4ddf-ada6-0e31937fa391","20140428T04:53:16.496+0000","4fb636e7-7324-409d-87d7-2026bf5ef799","20140429T04:00:17.360+0000","4f480557-76af-4768-a972-8a1186c6ea3f","4fb636e7-7324-409d-87d7-2026bf5ef799","","","","","","","","","","","","","","",""
"","37012002","superciliosus","Alopias superciliosus Lowe, 1841","ALOPIIDAE","Alopias","","superciliosus","","Valid Name","","Species","","Lowe","1841","Y","2e134528-d77f-477a-8b99-3661d9f6d03c","20140313T03:41:28.159+0000","53b1e2bc-856f-4b0d-8131-9a8cbe0a3ed5","20150715T22:47:32.147+0000","4ffdec34-5d8b-4e65-9d18-3416f3aca91c","53b1e2bc-856f-4b0d-8131-9a8cbe0a3ed5","","","","","","","","","","","","","","",""
"","37465022","monoceros","Aluterus monoceros (Linnaeus, 1758)","MONACANTHIDAE","Aluterus","","monoceros","","Valid Name","","Species","","Linnaeus","1758","N","33ada19e-b246-4d21-96e9-4abafac8d60e","20140428T04:53:16.496+0000","d4b0745d-b804-4cae-b4e0-6f0b04749ae6","20140429T04:00:17.360+0000","ed236c87-1035-4594-b5da-9c4179f2821a","d4b0745d-b804-4cae-b4e0-6f0b04749ae6","","","","","","","","","","","","","","",""
"","37428047","nocturnus","Amblygobius nocturnus (Herre, 1945)","GOBIIDAE","Amblygobius","","nocturnus","","Valid Name","","Species","","Herre","1945","N","6ce8192d-7e3e-475a-94c3-c7cbb4e2226b","20170816T07:51:56.125+0000","235a5c28-be5b-4cd2-b70c-705d0e844a87","20181203T23:02:24.999+0000","30b0e814-8845-44e3-8bfe-d873a8a9884f","235a5c28-be5b-4cd2-b70c-705d0e844a87","","","","","","","","","","","","","","",""
"","37428048","phalaena","Amblygobius phalaena (Valenciennes, 1837)","GOBIIDAE","Amblygobius","","phalaena","","Valid Name","","Species","","Valenciennes","1837","N","14567f5d-5335-4fe6-9323-b7a690650fae","20170818T06:10:29.047+0000","dd354137-ad1b-47fe-8818-2b04909f4b5a","20181203T23:02:24.999+0000","30b0e814-8845-44e3-8bfe-d873a8a9884f","dd354137-ad1b-47fe-8818-2b04909f4b5a","","","","","","","","","","","","","","",""
"","37428049","rainfordi","Amblygobius rainfordi (Whitley, 1940)","GOBIIDAE","Amblygobius","","rainfordi","","Valid Name","","Species","","Whitley","1940","N","2846cc71-2eb3-41b1-a700-22b78f386db8","20180929T07:34:20.639+0000","b95dac32-63ed-44d4-a536-fef666475aaa","20181203T23:02:24.999+0000","30b0e814-8845-44e3-8bfe-d873a8a9884f","b95dac32-63ed-44d4-a536-fef666475aaa","","","","","","","","","","","","","","",""
"","37425003","vagus","Ammodytoides vagus (McCulloch & Waite, 1916)","AMMODYTIDAE","Ammodytoides","","vagus","","Valid Name","","Species","","McCulloch & Waite","1916","N","cd29150a-1561-4d37-8e8c-8e1de455626d","20150825T02:37:54.644+0000","b3e151f2-d12e-47e0-bf8a-28aa61320640","20151008T04:00:06.190+0000","5d799002-2489-4b57-a0e8-c2e528516e0c","b3e151f2-d12e-47e0-bf8a-28aa61320640","","","","","","","","","","","","","","",""
"","37365020","howensis","Amphichaetodon howensis (Waite, 1903)","CHAETODONTIDAE","Amphichaetodon","","howensis","","Valid Name","","Species","","Waite","1903","N","dbcda844-175d-45cf-8985-e5688e59eb13","20131008T23:07:52.756+0000","72b8e08d-601d-41ee-8ece-138593df0acd","20131008T23:07:52.756+0000","e8623807-11ba-4b3b-8323-181e49c1383b","72b8e08d-601d-41ee-8ece-138593df0acd","","","","","","","","","","","","","","",""
"","37372022","latezonatus","Amphiprion latezonatus Waite, 1900","POMACENTRIDAE","Amphiprion","","latezonatus","","Valid Name","","Species","","Waite","1900","Y","b6646d04-4b31-482f-9e08-06a5642c4886","20170512T10:23:34.596+0000","b5b02204-2ce7-44bb-bd7e-2b12b650d417","20170727T04:09:21.978+0000","598c5149-6358-48db-9766-d5cf10af9e31","b5b02204-2ce7-44bb-bd7e-2b12b650d417","","","","","","","","","","","","","","",""
"","37372023","mccullochi","Amphiprion mccullochi Whitley, 1929","POMACENTRIDAE","Amphiprion","","mccullochi","","Valid Name","","Species","","Whitley","1929","Y","8f9bc549-23a5-41da-843d-e94b70484e30","20170512T10:25:38.199+0000","9a04e73b-de12-4168-9aa1-3765c67c7534","20170727T04:09:21.978+0000","598c5149-6358-48db-9766-d5cf10af9e31","9a04e73b-de12-4168-9aa1-3765c67c7534","","","","","","","","","","","","","","",""
"","37384045","caeruleopunctatus","Anampses caeruleopunctatus Rüppell, 1829","LABRIDAE","Anampses","","caeruleopunctatus","","Valid Name","","Species","","Rüppell","1829","Y","12761c93-8260-4e50-a23b-dc8505801dc1","20170603T09:03:09.245+0000","91baffc2-e2d3-44de-a68c-f29c5020992c","20170727T04:09:21.978+0000","eab018be-9b6e-468a-8b45-3563d898548f","91baffc2-e2d3-44de-a68c-f29c5020992c","","","","","","","","","","","","","","",""
"","37384046","elegans","Anampses elegans Ogilby, 1889","LABRIDAE","Anampses","","elegans","","Valid Name","","Species","","Ogilby","1889","Y","9a589c74-67f9-4fc7-b240-4f64b283d106","20170603T09:01:48.155+0000","3813c2b5-4c2d-499e-b8aa-b320e3c0bee5","20170727T04:09:21.978+0000","eab018be-9b6e-468a-8b45-3563d898548f","3813c2b5-4c2d-499e-b8aa-b320e3c0bee5","","","","","","","","","","","","","","",""
"","37384047","femininus","Anampses femininus Randall, 1972","LABRIDAE","Anampses","","femininus","","Valid Name","","Species","","Randall","1972","Y","f8cbae39-e535-4006-be16-1a9dbf4c3fe9","20170601T08:47:30.261+0000","1a24efdc-5fce-473a-892d-4ce1d5571af8","20170727T04:09:21.978+0000","eab018be-9b6e-468a-8b45-3563d898548f","1a24efdc-5fce-473a-892d-4ce1d5571af8","","","","","","","","","","","","","","",""
"","37384048","geographicus","Anampses geographicus Valenciennes, 1840","LABRIDAE","Anampses","","geographicus","","Valid Name","","Species","","Valenciennes","1840","Y","262f7a01-4378-40c9-87c5-d0b68e61c797","20170628T06:27:31.757+0000","f5ec4c27-fdbb-47e0-af20-33a254c23ea3","20170727T04:09:21.978+0000","eab018be-9b6e-468a-8b45-3563d898548f","f5ec4c27-fdbb-47e0-af20-33a254c23ea3","","","","","","","","","","","","","","",""
"","37384050","neoguinaicus","Anampses neoguinaicus Bleeker, 1878","LABRIDAE","Anampses","","neoguinaicus","","Valid Name","","Species","","Bleeker","1878","Y","a92f7c26-b109-48c9-b1df-04aa28cc8161","20170628T06:24:24.705+0000","ff309c03-451a-4314-b217-117c40b88a39","20170727T04:09:21.978+0000","eab018be-9b6e-468a-8b45-3563d898548f","ff309c03-451a-4314-b217-117c40b88a39","","","","","","","","","","","","","","",""
"","37056001","australis","Anguilla australis Richardson, 1841","ANGUILLIDAE","Anguilla","","australis","","Valid Name","","Species","","Richardson","1841","Y","984a34e1-ed39-4943-893b-e5d0c727af18","20180801T01:34:36.994+0000","474949ae-5d6c-4d27-bc3b-dcd20db93e18","20190305T04:57:36.559+0000","c5456186-b924-44c3-92c1-1c0f44d366e6","474949ae-5d6c-4d27-bc3b-dcd20db93e18","","","","","","","","","","","","","","",""
"","37056002","reinhardtii","Anguilla reinhardtii Steindachner, 1867","ANGUILLIDAE","Anguilla","","reinhardtii","","Valid Name","","Species","","Steindachner","1867","Y","95530f1a-ec7f-4c83-b726-3932623d3345","20180801T01:33:01.778+0000","8766c4a4-b7d1-4ec6-a011-eadc27e6a4a1","20190305T04:57:36.559+0000","c5456186-b924-44c3-92c1-1c0f44d366e6","8766c4a4-b7d1-4ec6-a011-eadc27e6a4a1","","","","","","","","","","","","","","",""
"","37257001","cornuta","Anoplogaster cornuta (Valenciennes, 1833)","ANOPLOGASTRIDAE","Anoplogaster","","cornuta","","Valid Name","","Species","","Valenciennes","1833","N","5a8678a2-1a3f-4874-98c6-07fbabef20fc","20160520T07:15:08.678+0000","732817fa-bd1e-4933-b86d-5256b5185c65","20160606T05:15:12.352+0000","8928ee4e-8dcb-482b-ab38-9e63bd753497","732817fa-bd1e-4933-b86d-5256b5185c65","","","","","","","","","","","","","","",""
"","37210018","commerson","Antennarius commerson (Lacépède, 1798)","ANTENNARIIDAE","Antennarius","","commerson","","Valid Name","","Species","","Lacépède","1798","N","a00fa137-a628-4e4d-89d4-d66690051627","20150622T01:41:39.185+0000","b79cacb5-3283-4757-b100-d6d2efc8e5ef","20150625T00:28:50.961+0000","86859679-71e5-4025-8a2d-31d5b0e55889","b79cacb5-3283-4757-b100-d6d2efc8e5ef","","","","","","","","","","","","","","",""
"","37210020","pictus","Antennarius pictus (Shaw & Nodder, 1794)","ANTENNARIIDAE","Antennarius","","pictus","","Valid Name","","Species","","Shaw & Nodder","1794","N","b070494e-367e-4c55-9ab1-31a409fc31b2","20150504T05:04:51.841+0000","7d9276a0-9395-4da3-98ac-9b0bd9e4e6ad","20150625T00:28:50.961+0000","86859679-71e5-4025-8a2d-31d5b0e55889","7d9276a0-9395-4da3-98ac-9b0bd9e4e6ad","","","","","","","","","","","","","","",""
"","37210009","striatus","Antennarius striatus (Shaw, 1794)","ANTENNARIIDAE","Antennarius","","striatus","","Valid Name","","Species","","Shaw","1794","N","e5c10afa-340a-41eb-97ec-ff765ffe8cdc","20150504T05:40:02.267+0000","61d51771-11e0-4444-9929-0457e6be46ca","20150625T00:28:50.961+0000","86859679-71e5-4025-8a2d-31d5b0e55889","61d51771-11e0-4444-9929-0457e6be46ca","","","","","","","","","","","","","","",""
"","37210017","coccineus","Antennatus coccineus (Lesson, 1830)","ANTENNARIIDAE","Antennatus","","coccineus","","Valid Name","","Species","","Lesson","1830","N","9ec70d81-6187-4730-9a8e-74867c83a651","20150504T05:51:18.570+0000","db24e878-8b2e-4b6b-8b77-350d250e731c","20150625T00:28:50.961+0000","4f4d559f-f704-4cbe-aaab-036f8920734f","db24e878-8b2e-4b6b-8b77-350d250e731c","","","","","","","","","","","","","","",""
"","37210011","nummifer","Antennatus nummifer (Cuvier, 1817)","ANTENNARIIDAE","Antennatus","","nummifer","","Valid Name","","Species","","Cuvier","1817","N","bea15330-2dd4-4946-a253-687aae653528","20150504T06:02:04.620+0000","258b9425-4ba3-49ef-8baf-1c64fb382a63","20150625T00:28:50.961+0000","4f4d559f-f704-4cbe-aaab-036f8920734f","258b9425-4ba3-49ef-8baf-1c64fb382a63","","","","","","","","","","","","","","",""
"","37210021","rosaceus","Antennatus rosaceus (Smith & Radcliffe, 1912)","ANTENNARIIDAE","Antennatus","","rosaceus","","Valid Name","","Species","","Smith & Radcliffe","1912","N","942fef7e-8cbc-4199-959c-f18a344a0b98","20150504T06:14:09.782+0000","63a45c20-0fda-4cf0-9a55-e3cf561f1360","20150625T00:28:50.961+0000","4f4d559f-f704-4cbe-aaab-036f8920734f","63a45c20-0fda-4cf0-9a55-e3cf561f1360","","","","","","","","","","","","","","",""
"","37224008","rostrata","Antimora rostrata (Günther, 1878)","MORIDAE","Antimora","","rostrata","","Valid Name","","Species","","Günther","1878","N","c4e8dcdf-32f4-454a-953f-dc8891461f56","20151111T08:00:52.407+0000","3b11681e-237c-45bf-a7e2-8f32ddbc1503","20151125T23:15:40.328+0000","0c8418fc-1a0c-4f3b-a455-c46975a1e636","3b11681e-237c-45bf-a7e2-8f32ddbc1503","","","","","","","","","","","","","","",""
"","37346036","furca","Aphareus furca (Lacépède, 1801)","LUTJANIDAE","Aphareus","","furca","","Valid Name","","Species","","Lacépède","1801","N","6f95b639-2f13-462f-a7fb-a2d918b571cd","20131008T23:07:52.756+0000","e4e668ff-52c4-468e-ad66-28292ed4e3e5","20131008T23:07:52.756+0000","7d18e3cc-edda-46a3-b429-1091275c81cd","e4e668ff-52c4-468e-ad66-28292ed4e3e5","","","","","","","","","","","","","","",""
"","37228014","gelatinosus","Aphyonus gelatinosus Günther, 1878","APHYONIDAE","Aphyonus","","gelatinosus","","Valid Name","","Species","","Günther","1878","Y","5eed1b0e-6a6e-484a-a5e8-38da4c6f3984","20150528T04:27:04.160+0000","e81563a9-2ec8-40d4-8dec-ea353bb0abf3","20160104T00:54:35.702+0000","d8596798-d11d-4022-b676-3ed09f73cc86","e81563a9-2ec8-40d4-8dec-ea353bb0abf3","","","","","","","","","","","","","","",""
"","37376003","etheridgii","Aplodactylus etheridgii Ogilby, 1889","APLODACTYLIDAE","Aplodactylus","","etheridgii","","Valid Name","","Species","","Ogilby","1889","Y","601c9e69-54e4-430e-affc-538390a0443a","20121112T04:34:57.287+0000","5963e187-583d-40af-82ce-5ee1cbdf7c29","20121112T23:27:17.503+0000","7d99c058-1898-4851-8d75-7cb63dd22f91","5963e187-583d-40af-82ce-5ee1cbdf7c29","","","","","","","","","","","","","","",""
"","37327051","crassiceps","Apogon crassiceps Garman, 1903","APOGONIDAE","Apogon","","crassiceps","","Valid Name","","Species","","Garman","1903","Y","8ec7af27-1939-40d7-bfd9-b522ee744a23","20140806T01:08:46.507+0000","dcaeed39-0658-49bd-a0a3-17c0158b77b3","20150222T20:47:51.319+0000","37c8b1f4-1428-44c9-a97e-6ebe76b8bb2f","dcaeed39-0658-49bd-a0a3-17c0158b77b3","","","","","","","","","","","","","","",""
"","37327121","chrysurus","Apogonichthyoides chrysurus (Ogilby, 1889)","APOGONIDAE","Apogonichthyoides","","chrysurus","","Valid Name","","Species","","Ogilby","1889","N","ffd74e37-bce0-44a3-83af-ff440362286c","20140806T01:08:46.507+0000","4577784d-4972-449f-a9b2-88ddb0dd1b1d","20150222T20:47:51.319+0000","6d8581fc-9eab-4fac-a51b-f5923d3d49c0","4577784d-4972-449f-a9b2-88ddb0dd1b1d","","","","","","","","","","","","","","",""
"","37346027","virescens","Aprion virescens Valenciennes, 1830","LUTJANIDAE","Aprion","","virescens","","Valid Name","","Species","","Valenciennes","1830","Y","cf191183-2bb2-48a6-a40e-2b287e3bdc37","20131008T23:07:52.756+0000","749fb8d2-c78a-4341-a6f8-9dde2fa6d3e8","20131008T23:07:52.756+0000","4472f7de-b900-4177-859a-cc73a5cc1bd1","749fb8d2-c78a-4341-a6f8-9dde2fa6d3e8","","","","","","","","","","","","","","",""
"","37107001","aculeatus","Argyropelecus aculeatus Valenciennes, 1849","STERNOPTYCHIDAE","Argyropelecus","","aculeatus","","Valid Name","","Species","","Valenciennes","1849","Y","7b60bc6a-45a1-44de-8370-ce7abd45fa72","20081009T05:11:37.000+0000","f45da499-6eb1-4db2-abcb-08e9b9773336","20100727T00:03:17.157+0000","2e69433c-e89c-4e57-915f-87f5026a2d55","f45da499-6eb1-4db2-abcb-08e9b9773336","","","","","","","","","","","","","","",""
"","37067038","howensis","Ariosoma howensis (McCulloch & Waite, 1916)","CONGRIDAE","Ariosoma","","howensis","","Valid Name","","Species","","McCulloch & Waite","1916","N","26d951c6-ce58-4ff2-9cac-4d6986bf123e","20180731T13:32:39.594+0000","7a4f32be-9c2f-4d5c-bd38-a2e301460b87","20190305T04:57:36.559+0000","673f2749-35b5-4b29-9bb4-f46b5e86836d","7a4f32be-9c2f-4d5c-bd38-a2e301460b87","","","","","","","","","","","","","","",""
"","37467033","hispidus","Arothron hispidus (Linnaeus, 1758)","TETRAODONTIDAE","Arothron","","hispidus","","Valid Name","","Species","","Linnaeus","1758","N","61b6e335-032f-44e5-a40b-99f2e6238359","20140428T04:53:16.496+0000","e25b8397-6ec8-408c-b6f1-43dde6aa31c4","20140429T04:00:17.360+0000","241e8fed-dc4f-4a88-9adf-01b3760d5df7","e25b8397-6ec8-408c-b6f1-43dde6aa31c4","","","","","","","","","","","","","","",""
"","37467064","meleagris","Arothron meleagris (Anonymous, 1798)","TETRAODONTIDAE","Arothron","","meleagris","","Valid Name","","Species","","Anonymous","1798","N","eb702573-8639-4a3c-aa07-9ec9c5c35904","20140428T04:53:16.496+0000","a1f5eb84-cfa4-4fc8-bf31-669897e3770e","20140429T04:00:17.360+0000","241e8fed-dc4f-4a88-9adf-01b3760d5df7","a1f5eb84-cfa4-4fc8-bf31-669897e3770e","","","","","","","","","","","","","","",""
"","37467014","stellatus","Arothron stellatus (Anonymous, 1798)","TETRAODONTIDAE","Arothron","","stellatus","","Valid Name","","Species","","Anonymous","1798","N","c702b592-5346-4068-b018-503384c6be5d","20140428T04:53:16.496+0000","01386834-fede-4543-83b7-e5044742fde1","20140429T04:00:17.360+0000","241e8fed-dc4f-4a88-9adf-01b3760d5df7","01386834-fede-4543-83b7-e5044742fde1","","","","","","","","","","","","","","",""
"","37344002","trutta","Arripis trutta (Forster, 1801)","ARRIPIDAE","Arripis","","trutta","","Valid Name","","Species","","Forster","1801","N","ba697e34-879e-40c6-9407-fa20ebdb5619","20131008T23:07:52.756+0000","fd56b176-a3fd-42f6-82e9-62db885db47e","20190708T06:01:45.448+0000","606e1f04-04e9-4e25-b8ff-1e4b42bcf6da","fd56b176-a3fd-42f6-82e9-62db885db47e","","","","","","","","","","","","","","",""
"","37344005","xylabion","Arripis xylabion Paulin, 1993","ARRIPIDAE","Arripis","","xylabion","","Valid Name","","Species","","Paulin","1993","Y","0948baf8-cdb1-4e95-b35c-463a5d3637e8","20120502T08:15:22.105+0000","a04e40c2-baec-48f6-9957-dc9d510b07df","20121123T00:58:38.885+0000","606e1f04-04e9-4e25-b8ff-1e4b42bcf6da","a04e40c2-baec-48f6-9957-dc9d510b07df","","","","","","","","","","","","","","",""
"","37462019","bahamondei","Aseraggodes bahamondei Randall & Meléndez, 1987","SOLEIDAE","Aseraggodes","","bahamondei","","Valid Name","","Species","","Randall & Meléndez","1987","Y","3cf032ec-8909-4200-8e91-1946bcc1b194","20150626T05:44:30.588+0000","762b012a-7d90-40e1-a02b-aa5cf3a1deaf","20150707T22:49:59.218+0000","a1e26e20-488b-47cf-a4e0-76c1c6af43c8","762b012a-7d90-40e1-a02b-aa5cf3a1deaf","","","","","","","","","","","","","","",""
"","37462038","ramsaii","Aseraggodes ramsaii (Ogilby, 1889)","SOLEIDAE","Aseraggodes","","ramsaii","","Valid Name","","Species","","Ogilby","1889","N","2f9bc8b8-74db-4f46-b839-2073e05b92b6","20120214T00:00:31.822+0000","4f9f05c1-89ab-4b29-b851-1b9c8b68c7ac","20160623T03:22:49.641+0000","a1e26e20-488b-47cf-a4e0-76c1c6af43c8","4f9f05c1-89ab-4b29-b851-1b9c8b68c7ac","","","","","","","","","","","","","","",""
"","37206004","costata","Aspasmogaster costata (Ogilby, 1885)","GOBIESOCIDAE","Aspasmogaster","","costata","","Valid Name","","Species","","Ogilby","1885","N","120c10a7-db8e-47ef-b95a-f73805a24c7d","20121106T00:57:16.618+0000","45debcc5-b1b4-4062-864c-2abf924f4f29","20190521T05:24:31.422+0000","3f8d547d-f86c-4211-beec-e9558e5163bb","45debcc5-b1b4-4062-864c-2abf924f4f29","","","","","","","","","","","","","","",""
"","37408008","taeniatus","Aspidontus taeniatus Quoy & Gaimard, 1834","BLENNIIDAE","Aspidontus","","taeniatus","","Valid Name","","Species","","Quoy & Gaimard","1834","Y","e1132fc0-2033-4c29-9b43-b792f8e5de95","20131008T23:07:52.756+0000","396ced64-51b2-4b9e-84f7-4a26469014dd","20131008T23:07:52.756+0000","1285f1e1-e18c-41ea-83e9-072cbbeec526","396ced64-51b2-4b9e-84f7-4a26469014dd","","","","","","","","","","","","","","",""
"","37428058","semipunctata","Asterropteryx semipunctata Rüppell, 1830","GOBIIDAE","Asterropteryx","","semipunctata","","Valid Name","","Species","","Rüppell","1830","Y","895520aa-69ea-47de-9dd8-25f605ffab81","20170913T05:57:50.970+0000","b4a2c7ad-7c28-4c83-8198-bea3772bd0cb","20181203T23:02:24.999+0000","624f584e-eb4f-41b4-b9a6-4e18a0e8d00a","b4a2c7ad-7c28-4c83-8198-bea3772bd0cb","","","","","","","","","","","","","","",""
"","37246013","maccullochi","Atherion maccullochi Jordan & Hubbs, 1919","ATHERIONIDAE","Atherion","","maccullochi","","Valid Name","","Species","","Jordan & Hubbs","1919","Y","4fce437f-5a51-4167-b531-6f80662511d3","20140331T13:53:08.316+0000","cb1dfd24-fba0-428f-99d1-9a57950ee17c","20140721T02:37:14.175+0000","c51e23e6-1f24-4a08-82b3-2293bb1e77a4","cb1dfd24-fba0-428f-99d1-9a57950ee17c","","","","","","","","","","","","","","",""
"","37361020","latus","Atypichthys latus McCulloch & Waite, 1916","MICROCANTHIDAE","Atypichthys","","latus","","Valid Name","","Species","","McCulloch & Waite","1916","Y","d8f45db9-2442-4609-8f3c-55b6a6704265","20120225T06:54:51.020+0000","e8230862-3188-4f7f-8f37-a0678c599e80","20121123T00:55:16.405+0000","c6530fc9-3736-4d28-a11d-0f3b708e7cf4","e8230862-3188-4f7f-8f37-a0678c599e80","","","","","","","","","","","","","","",""
"","37361010","strigatus","Atypichthys strigatus (Günther, 1860)","MICROCANTHIDAE","Atypichthys","","strigatus","","Valid Name","","Species","","Günther","1860","N","a40ea006-ac3b-4acd-ac12-5a162214874c","20131008T23:07:52.756+0000","b810d4f6-b879-4c48-94f2-ba8756290100","20131008T23:07:52.756+0000","c6530fc9-3736-4d28-a11d-0f3b708e7cf4","b810d4f6-b879-4c48-94f2-ba8756290100","","","","","","","","","","","","","","",""
"","37277001","chinensis","Aulostomus chinensis (Linnaeus, 1766)","AULOSTOMIDAE","Aulostomus","","chinensis","","Valid Name","","Species","","Linnaeus","1766","N","15985dbd-7169-4c51-8eee-73685472c952","20170501T02:13:50.859+0000","ccc21b8f-5f1e-4ee8-9609-be039365e9c0","20170727T04:24:54.431+0000","891fe8bd-7841-4ea2-9b78-fa5701ec73da","ccc21b8f-5f1e-4ee8-9609-be039365e9c0","","","","","","","","","","","","","","",""
"","37465031","conspicillum","Balistoides conspicillum (Bloch & Schneider, 1801)","BALISTIDAE","Balistoides","","conspicillum","","Valid Name","","Species","","Bloch & Schneider","1801","N","3e9af06f-c7ca-48ad-acaa-5d8e8b8d437f","20140428T04:53:16.496+0000","816fbc9f-48c8-4e68-ba5a-7ef54dded182","20140429T04:00:17.360+0000","6b3fdeed-2728-4494-aaa7-06424140d1d8","816fbc9f-48c8-4e68-ba5a-7ef54dded182","","","","","","","","","","","","","","",""
"","37067012","bulbiceps","Bassanago bulbiceps Whitley, 1948","CONGRIDAE","Bassanago","","bulbiceps","","Valid Name","","Species","","Whitley","1948","Y","3f3a851a-3b5a-40d8-8461-aba8150572d9","20180801T10:11:04.148+0000","0ec85fc7-0dc0-4660-9dad-3b549e8f7843","20190305T04:57:36.559+0000","da566d6d-9b59-47e0-9638-eaadb36f542c","0ec85fc7-0dc0-4660-9dad-3b549e8f7843","","","","","","","","","","","","","","",""
"","37067013","hirsutus","Bassanago hirsutus (Castle, 1960)","CONGRIDAE","Bassanago","","hirsutus","","Valid Name","","Species","","Castle","1960","N","15a3dcb2-a36c-430a-9c0e-21a9e06b4d06","20180601T07:04:19.494+0000","25e4b867-3c60-456d-b8e0-0cb6dc214f31","20190305T04:57:36.559+0000","da566d6d-9b59-47e0-9638-eaadb36f542c","25e4b867-3c60-456d-b8e0-0cb6dc214f31","","","","","","","","","","","","","","",""
"","37228053","robustus","Bassozetus robustus Smith & Radcliffe, 1913","OPHIDIIDAE","Bassozetus","","robustus","","Valid Name","","Species","","Smith & Radcliffe","1913","Y","8ff96950-7845-4e31-bd70-7c22f0b79884","20150517T08:38:49.883+0000","da82921b-7e8a-4036-beff-4ed6330f44a3","20150622T00:52:33.563+0000","51ba2da4-e030-4b86-9d25-c63b90e0d8f1","da82921b-7e8a-4036-beff-4ed6330f44a3","","","","","","","","","","","","","","",""
"","37232030","cottoides","Bathygadus cottoides Günther, 1878","BATHYGADIDAE","Bathygadus","","cottoides","","Valid Name","","Species","","Günther","1878","Y","4e3012fd-c648-4d0b-bfea-0d07f9fea9bc","20151019T04:30:13.995+0000","bbb98591-2301-4140-986d-7b0272f46aec","20151125T23:15:40.328+0000","002e6b10-a835-4d2a-be0b-ac31fed084f7","bbb98591-2301-4140-986d-7b0272f46aec","","","","","","","","","","","","","","",""
"","37428065","cocosensis","Bathygobius cocosensis (Bleeker, 1854)","GOBIIDAE","Bathygobius","","cocosensis","","Valid Name","","Species","","Bleeker","1854","N","b99d6914-4677-4ba9-a353-c44f9fdfd7b7","20180630T04:51:42.832+0000","928883a2-17f8-407e-9240-5efd3687f11c","20181203T23:02:24.999+0000","69fd9690-12ef-4ee4-b605-25093e810f2c","928883a2-17f8-407e-9240-5efd3687f11c","","","","","","","","","","","","","","",""
"","37114021","danae","Bathyprion danae Marshall, 1966","ALEPOCEPHALIDAE","Bathyprion","","danae","","Valid Name","","Species","","Marshall","1966","Y","1338d579-8646-4875-b917-6ab930e48cfb","20160523T00:06:44.378+0000","fd9140c1-0da3-40cf-86e6-724ce8570041","20160606T05:32:28.811+0000","b6894982-7730-4128-b395-514d3bf95480","fd9140c1-0da3-40cf-86e6-724ce8570041","","","","","","","","","","","","","","",""
"","37123011","filiferus","Bathypterois filiferus Gilchrist, 1906","IPNOPIDAE","Bathypterois","","filiferus","","Valid Name","","Species","","Gilchrist","1906","Y","5af17ff2-c0c4-42c1-bdb5-136196448fda","20161215T05:56:51.353+0000","fd52dfab-2d57-43ad-9b87-ecea73ee860e","20161222T00:27:39.419+0000","5cbad01a-2602-44be-aca6-8888c909d5c2","fd52dfab-2d57-43ad-9b87-ecea73ee860e","","","","","","","","","","","","","","",""
"","37123002","longifilis","Bathypterois longifilis Günther, 1878","IPNOPIDAE","Bathypterois","","longifilis","","Valid Name","","Species","","Günther","1878","Y","ebbe9798-8d5e-4b32-bff5-e3ff9881ed91","20160720T06:25:17.445+0000","7acffa1e-bafe-43f2-8efa-f2f7dec1a2d2","20161222T00:27:39.419+0000","5cbad01a-2602-44be-aca6-8888c909d5c2","7acffa1e-bafe-43f2-8efa-f2f7dec1a2d2","","","","","","","","","","","","","","",""
"","37120018","gracilis","Bathysauropsis gracilis (Günther, 1878)","BATHYSAUROPSIDAE","Bathysauropsis","","gracilis","","Valid Name","","Species","","Günther","1878","N","a67ee494-fa6d-405c-8c6f-3d650d4199b0","20160720T04:44:03.258+0000","a9ff8400-a43d-4ed8-9f57-380bb5465157","20161222T00:27:39.419+0000","18701782-c3e6-4ea7-9a8b-74217d464464","a9ff8400-a43d-4ed8-9f57-380bb5465157","","","","","","","","","","","","","","",""
"","37118019","ferox","Bathysaurus ferox Günther, 1878","BATHYSAURIDAE","Bathysaurus","","ferox","","Valid Name","","Species","","Günther","1878","Y","cefeb214-2859-4234-a241-7b404ad144af","20160716T05:27:51.492+0000","07f5219a-7a99-4f0b-bde4-7249345506c8","20161222T00:27:39.419+0000","093daa81-3980-4bc9-968d-88ef1922d11b","07f5219a-7a99-4f0b-bde4-7249345506c8","","","","","","","","","","","","","","",""
"","37332001","cultratus","Bathystethus cultratus (Bloch & Schneider, 1801)","SCORPIDIDAE","Bathystethus","","cultratus","","Valid Name","","Species","","Bloch & Schneider","1801","N","000bb17e-efcf-4a12-99d0-fde663155593","20120213T08:38:30.512+0000","7f1bc192-32ec-4763-bcef-8fddb1a8f709","20121123T00:49:03.602+0000","88aac14d-08df-4661-a660-9675044b1535","7f1bc192-32ec-4763-bcef-8fddb1a8f709","","","","","","","","","","","","","","",""
"","37035002","lata","Bathytoshia lata (Garman, 1880)","DASYATIDAE","Bathytoshia","","lata","","Valid Name","","Species","","Garman","1880","N","c9537168-af3a-44a8-98e6-60cfcf9022b5","20180530T04:11:55.735+0000","a5c34ad0-7c59-42b5-95fc-d205f1f7cb91","20180731T05:40:10.818+0000","d87cb082-cac1-4f46-a974-ed7457733c0b","a5c34ad0-7c59-42b5-95fc-d205f1f7cb91","","","","","","","","","","","","","","",""
"","37319002","fasciolatum","Belonepterygion fasciolatum (Ogilby, 1889)","PLESIOPIDAE","Belonepterygion","","fasciolatum","","Valid Name","","Species","","Ogilby","1889","N","2b9f75c3-ef11-4843-b595-a2a4e473e441","20121119T00:24:13.620+0000","35a29a02-9993-4f9f-abbd-0145b6d47d42","20131025T02:21:11.817+0000","442db787-fcbe-47c7-9720-3a8409af800b","35a29a02-9993-4f9f-abbd-0145b6d47d42","","","","","","","","","","","","","","",""
"","37258002","splendens","Beryx splendens Lowe, 1833","BERYCIDAE","Beryx","","splendens","","Valid Name","","Species","","Lowe","1833","Y","79e2eca9-3517-4c45-a76c-8ce253321dc1","20160518T04:36:31.482+0000","06645750-e545-47b4-a7cf-17c5aa48871d","20160606T05:15:12.352+0000","3cf79e24-6239-4970-8197-154662b0750a","06645750-e545-47b4-a7cf-17c5aa48871d","","","","","","","","","","","","","","",""
"","37408048","paula","Blenniella paula (Bryan & Herre, 1903)","BLENNIIDAE","Blenniella","","paula","","Valid Name","","Species","","Bryan & Herre","1903","N","f01265af-936f-4111-a6d3-2160ecb18a50","20131008T23:07:52.756+0000","f6a47436-5b5f-4c89-8055-97b9334265d1","20131008T23:07:52.756+0000","e6a14246-ab47-483c-aaf7-01fc71bf3295","f6a47436-5b5f-4c89-8055-97b9334265d1","","","","","","","","","","","","","","",""
"","37384053","axillaris","Bodianus axillaris (Bennett, 1832)","LABRIDAE","Bodianus","","axillaris","","Valid Name","","Species","","Bennett","1832","N","d7e00e24-5b52-4f49-8f4a-05cce55dd69a","20170603T06:51:26.727+0000","1a218546-1737-4f43-8b5e-0075b6af5378","20170727T04:09:21.978+0000","31952d61-cc52-481b-a865-186ff93c0882","1a218546-1737-4f43-8b5e-0075b6af5378","","","","","","","","","","","","","","",""
"","37384062","flavifrons","Bodianus flavifrons Gomon, 2001","LABRIDAE","Bodianus","","flavifrons","","Valid Name","","Species","","Gomon","2001","Y","53461476-9fb8-462f-9f65-d42ca259fa4e","20170603T08:47:34.892+0000","f473936e-81bf-463e-8d2f-0be03083fa7a","20170727T04:09:21.978+0000","31952d61-cc52-481b-a865-186ff93c0882","f473936e-81bf-463e-8d2f-0be03083fa7a","","","","","","","","","","","","","","",""
"","37384059","loxozonus","Bodianus loxozonus (Snyder, 1908)","LABRIDAE","Bodianus","","loxozonus","","Valid Name","","Species","","Snyder","1908","N","d0a8a930-2215-41e2-8eb7-589a6f24dcf2","20170603T09:59:22.180+0000","bcd72f8c-7ae9-4a8c-acfa-d7f9cf3ea335","20170727T04:09:21.978+0000","31952d61-cc52-481b-a865-186ff93c0882","bcd72f8c-7ae9-4a8c-acfa-d7f9cf3ea335","","","","","","","","","","","","","","",""
"","37384060","mesothorax","Bodianus mesothorax (Bloch & Schneider, 1801)","LABRIDAE","Bodianus","","mesothorax","","Valid Name","","Species","","Bloch & Schneider","1801","N","8e578c87-ec1b-4817-a364-f2e14ceb6055","20170605T04:25:50.544+0000","20f2ae29-6cc9-4c4d-9c04-ab94bf812e98","20170727T04:09:21.978+0000","31952d61-cc52-481b-a865-186ff93c0882","20f2ae29-6cc9-4c4d-9c04-ab94bf812e98","","","","","","","","","","","","","","",""
"","37384007","perditio","Bodianus perditio (Quoy & Gaimard, 1834)","LABRIDAE","Bodianus","","perditio","","Valid Name","","Species","","Quoy & Gaimard","1834","N","c2650d2f-0400-49de-a2d6-9f36ab37383f","20170605T06:01:55.030+0000","5dcba373-3c50-4c3c-9f4e-f146d8e50967","20170727T04:09:21.978+0000","31952d61-cc52-481b-a865-186ff93c0882","5dcba373-3c50-4c3c-9f4e-f146d8e50967","","","","","","","","","","","","","","",""
"","37384061","unimaculatus","Bodianus unimaculatus (Günther, 1862)","LABRIDAE","Bodianus","","unimaculatus","","Valid Name","","Species","","Günther","1862","N","f671ec1f-2b0d-4375-b7e4-aec9f6a25d9e","20170605T07:11:28.356+0000","b1d16a66-94cd-4e9e-89d3-8d36888f4bca","20170727T04:09:21.978+0000","31952d61-cc52-481b-a865-186ff93c0882","b1d16a66-94cd-4e9e-89d3-8d36888f4bca","","","","","","","","","","","","","","",""
"","37460047","mancus","Bothus mancus (Broussonet, 1782)","BOTHIDAE","Bothus","","mancus","","Valid Name","","Species","","Broussonet","1782","N","023caf72-2e8d-4c96-9b0d-ed6e034d0d6e","20150610T07:41:44.739+0000","b0aa59b0-a479-407b-a2f6-20164f006b3e","20150707T22:49:59.218+0000","fcc192fd-dabe-49b1-82ae-57826bef737d","b0aa59b0-a479-407b-a2f6-20164f006b3e","","","","","","","","","","","","","","",""
"","37460042","myriaster","Bothus myriaster Temminck & Schlegel, 1846","BOTHIDAE","Bothus","","myriaster","","Valid Name","","Species","","Temminck & Schlegel","1846","Y","f7b288c8-bec6-46ce-a66c-dd09c1dd0dbd","20150610T07:54:19.286+0000","0a1f9fce-6346-42ab-a7f4-26855b1dfe8a","20150707T22:49:59.218+0000","fcc192fd-dabe-49b1-82ae-57826bef737d","0a1f9fce-6346-42ab-a7f4-26855b1dfe8a","","","","","","","","","","","","","","",""
"","37460048","pantherinus","Bothus pantherinus (Rüppell, 1830)","BOTHIDAE","Bothus","","pantherinus","","Valid Name","","Species","","Rüppell","1830","N","a15ad5e8-94ac-40a5-92bf-e8d0062516d8","20150610T08:28:44.201+0000","c226cb13-7701-49ac-8bb0-18e125d6264d","20150707T22:49:59.218+0000","fcc192fd-dabe-49b1-82ae-57826bef737d","c226cb13-7701-49ac-8bb0-18e125d6264d","","","","","","","","","","","","","","",""
"","37465049","taylori","Brachaluteres taylori Woods, 1966","MONACANTHIDAE","Brachaluteres","","taylori","","Valid Name","","Species","","Woods","1966","Y","8be89d26-924f-4f5d-bf2c-c0e95d4cd3c2","20140428T04:53:16.496+0000","78dd0af7-3224-4841-ac22-f47be22484ba","20140429T04:00:17.360+0000","73cfd20b-4663-4941-958c-517c678212ee","78dd0af7-3224-4841-ac22-f47be22484ba","","","","","","","","","","","","","","",""
"","37342001","brama","Brama brama (Bonnaterre, 1788)","BRAMIDAE","Brama","","brama","","Valid Name","","Species","","Bonnaterre","1788","N","3a17ea17-d74c-453f-a7d6-e81b817b9375","20131008T23:07:52.756+0000","7a35c2f4-29fd-4373-82ee-f8a48d647453","20140711T01:38:15.891+0000","1afc04d9-b6e3-470a-80fb-dcb843d7b2f0","7a35c2f4-29fd-4373-82ee-f8a48d647453","","","","","","","","","","","","","","",""
"","37342012","myersi","Brama myersi Mead, 1972","BRAMIDAE","Brama","","myersi","","Valid Name","","Species","","Mead","1972","Y","f2d20283-14df-4244-80fb-789698a8af1a","20131015T00:35:15.844+0000","efff04c8-5a7d-4283-94f6-dc40fc016b57","20131015T00:35:15.844+0000","1afc04d9-b6e3-470a-80fb-dcb843d7b2f0","efff04c8-5a7d-4283-94f6-dc40fc016b57","","","","","","","","","","","","","","",""
"","37342004","orcini","Brama orcini Cuvier, 1831","BRAMIDAE","Brama","","orcini","","Valid Name","","Species","","Cuvier","1831","Y","10089237-15bc-44c3-a966-7fde38755fd5","20131008T23:07:52.756+0000","2f722b78-cc10-41b0-ba38-c7da40244f7b","20131008T23:07:52.756+0000","1afc04d9-b6e3-470a-80fb-dcb843d7b2f0","2f722b78-cc10-41b0-ba38-c7da40244f7b","","","","","","","","","","","","","","",""
"","37228012","multibarbata","Brotula multibarbata Temminck & Schlegel, 1847","OPHIDIIDAE","Brotula","","multibarbata","","Valid Name","","Species","","Temminck & Schlegel","1847","Y","474e98ac-765f-43e4-b35e-f6d6b240a5ab","20150518T06:23:23.140+0000","b643cbef-4c56-4eb1-a73e-edbb846fa8c1","20150622T00:52:33.563+0000","84db925e-1cd1-432c-8cb9-a08cd7b33b3a","b643cbef-4c56-4eb1-a73e-edbb846fa8c1","","","","","","","","","","","","","","",""
"","37428078","loki","Bryaninops loki Larson, 1985","GOBIIDAE","Bryaninops","","loki","","Valid Name","","Species","","Larson","1985","Y","09867043-8e52-4d0e-83f4-d06fe208ce4f","20170719T06:41:47.395+0000","688a569c-cf19-420c-bc0b-525059aecb3e","20181203T23:02:24.999+0000","84b56cd0-d9b5-449e-97dc-003177d3303a","688a569c-cf19-420c-bc0b-525059aecb3e","","","","","","","","","","","","","","",""
"","37068013","catostoma","Callechelys catostoma (Schneider, 1801)","OPHICHTHIDAE","Callechelys","","catostoma","","Valid Name","","Species","","Schneider","1801","N","c4982dcb-d3be-480f-8560-88e47c964c99","20180813T08:53:49.456+0000","ecd4fbd7-f5a8-49fb-b7ee-433c31648529","20190305T04:57:36.559+0000","9298ccaa-6105-4d4a-86e9-5e0416b6e237","ecd4fbd7-f5a8-49fb-b7ee-433c31648529","","","","","","","","","","","","","","",""
"","37068012","marmorata","Callechelys marmorata (Bleeker, 1853)","OPHICHTHIDAE","Callechelys","","marmorata","","Valid Name","","Species","","Bleeker","1853","N","36ab6b6e-c454-42c7-8801-3cec049c5174","20180813T08:55:15.246+0000","8df7266b-a493-4cc3-8a8b-d5b11f3b05c5","20190305T04:57:36.559+0000","9298ccaa-6105-4d4a-86e9-5e0416b6e237","8df7266b-a493-4cc3-8a8b-d5b11f3b05c5","","","","","","","","","","","","","","",""
"","37427050","scaber","Calliurichthys scaber (McCulloch, 1926)","CALLIONYMIDAE","Calliurichthys","","scaber","","Valid Name","","Species","","McCulloch","1926","N","d7c4a9c0-d56e-46b5-8641-b2008c1e881d","20131008T23:07:52.756+0000","33d6591f-d190-470b-942c-afc64928ca03","20160623T01:33:00.142+0000","8823319b-bf9e-4f43-945d-a02148ae347c","33d6591f-d190-470b-942c-afc64928ca03","","","","","","","","","","","","","","",""
"","37428088","hasseltii","Callogobius hasseltii (Bleeker, 1851)","GOBIIDAE","Callogobius","","hasseltii","","Valid Name","","Species","","Bleeker","1851","N","9c2268d4-bdbc-448f-ac54-684d877e9a4e","20170724T05:31:38.451+0000","f873d33d-a9fa-4ea5-8109-ba8ea9e097aa","20181203T23:02:24.999+0000","ec97da50-e775-46c4-83e9-c5e3312b7881","f873d33d-a9fa-4ea5-8109-ba8ea9e097aa","","","","","","","","","","","","","","",""
"","37428089","maculipinnis","Callogobius maculipinnis (Fowler, 1918)","GOBIIDAE","Callogobius","","maculipinnis","","Valid Name","","Species","","Fowler","1918","N","fcbf62e6-0788-4e0e-8d89-5be748f6f06b","20170724T05:36:01.285+0000","e2bdda35-a497-4ea0-9f03-907a7eba1af3","20181203T23:02:24.999+0000","ec97da50-e775-46c4-83e9-c5e3312b7881","e2bdda35-a497-4ea0-9f03-907a7eba1af3","","","","","","","","","","","","","","",""
"","37386005","carolinus","Calotomus carolinus (Valenciennes, 1840)","LABRIDAE","Calotomus","","carolinus","","Valid Name","","Species","","Valenciennes","1840","N","fdc1a215-da08-4a1a-b9ae-406ea28e2bc9","20170524T07:59:53.108+0000","749959c6-49dd-43f5-bd21-43fe219c486e","20170727T04:09:21.978+0000","d142d0b8-5828-4227-8442-1a33cba9d07a","749959c6-49dd-43f5-bd21-43fe219c486e","","","","","","","","","","","","","","",""
"","37465050","dumerilii","Cantherhines dumerilii (Hollard, 1854)","MONACANTHIDAE","Cantherhines","","dumerilii","","Valid Name","","Species","","Hollard","1854","N","39964774-b08b-40be-83c0-ca95de97de78","20140428T04:53:16.496+0000","b75a674d-2b84-48d6-9755-0a19b13b3093","20140429T04:00:17.360+0000","b4cac139-1c6f-495e-bdf4-7005ce3d24fc","b75a674d-2b84-48d6-9755-0a19b13b3093","","","","","","","","","","","","","","",""
"","37465041","fronticinctus","Cantherhines fronticinctus (Günther, 1866)","MONACANTHIDAE","Cantherhines","","fronticinctus","","Valid Name","","Species","","Günther","1866","N","9710a101-e28e-492b-a572-38e0d3d7d6cf","20140428T04:53:16.496+0000","1a2c5a30-3aa8-4ede-93cd-cc49e8e8ed0c","20140429T04:00:17.360+0000","b4cac139-1c6f-495e-bdf4-7005ce3d24fc","1a2c5a30-3aa8-4ede-93cd-cc49e8e8ed0c","","","","","","","","","","","","","","",""
"","37465090","longicaudus","Cantherhines longicaudus Hutchins & Randall, 1982","MONACANTHIDAE","Cantherhines","","longicaudus","","Valid Name","","Species","","Hutchins & Randall","1982","Y","5b9e3710-2e58-4c95-846b-2669634e3dd5","20140428T04:53:16.496+0000","2383f097-db0a-40d7-a2b4-2641be53df21","20140429T04:00:17.360+0000","b4cac139-1c6f-495e-bdf4-7005ce3d24fc","2383f097-db0a-40d7-a2b4-2641be53df21","","","","","","","","","","","","","","",""
"","37465051","pardalis","Cantherhines pardalis (Rüppell, 1837)","MONACANTHIDAE","Cantherhines","","pardalis","","Valid Name","","Species","","Rüppell","1837","N","8b75b83a-a666-4058-b2b5-9e00ead89b18","20140428T04:53:16.496+0000","ceec7498-a6cf-447e-b505-f905c2ab8015","20140429T04:00:17.360+0000","b4cac139-1c6f-495e-bdf4-7005ce3d24fc","ceec7498-a6cf-447e-b505-f905c2ab8015","","","","","","","","","","","","","","",""
"","37465053","longipinnis","Cantheschenia longipinnis (Fraser-Brunner, 1941)","MONACANTHIDAE","Cantheschenia","","longipinnis","","Valid Name","","Species","","Fraser-Brunner","1941","N","c8bc62fb-1bc9-469f-ab92-bd5fac2df1a7","20140428T04:53:16.496+0000","95892edd-25ed-4c68-9ac4-64d8a1f0b5ff","20140429T04:00:17.360+0000","16c4aa72-ed4f-4966-a188-1b4fb74d4f89","95892edd-25ed-4c68-9ac4-64d8a1f0b5ff","","","","","","","","","","","","","","",""
"","37467037","bennetti","Canthigaster bennetti (Bleeker, 1854)","TETRAODONTIDAE","Canthigaster","","bennetti","","Valid Name","","Species","","Bleeker","1854","N","89207511-45c5-476b-84e6-b0d4e6ea15da","20140428T04:53:16.496+0000","86ab638c-5aa3-4117-b9c7-923543ac298c","20140429T04:00:17.360+0000","b7d7d45e-7cdf-4997-8475-4492b980b54c","86ab638c-5aa3-4117-b9c7-923543ac298c","","","","","","","","","","","","","","",""
"","37467038","callisternus","Canthigaster callisternus (Ogilby, 1889)","TETRAODONTIDAE","Canthigaster","","callisternus","","Valid Name","","Species","","Ogilby","1889","N","48de9b2b-403b-41cb-aee4-b4feb961fbab","20140428T04:53:16.496+0000","224102ab-f3f7-471a-8045-1a91219ac02f","20140429T04:00:17.360+0000","b7d7d45e-7cdf-4997-8475-4492b980b54c","224102ab-f3f7-471a-8045-1a91219ac02f","","","","","","","","","","","","","","",""
"","37467067","compressa","Canthigaster compressa (Procé, 1822)","TETRAODONTIDAE","Canthigaster","","compressa","","Valid Name","","Species","","Procé","1822","N","a0d5a25a-9789-4626-9804-cfe0c9a705ba","20140428T04:53:16.496+0000","087a9aa7-0041-4860-a8b0-03d54fd6770b","20140429T04:00:17.360+0000","b7d7d45e-7cdf-4997-8475-4492b980b54c","087a9aa7-0041-4860-a8b0-03d54fd6770b","","","","","","","","","","","","","","",""
"","37467040","janthinopterus","Canthigaster janthinopterus (Bleeker, 1855)","TETRAODONTIDAE","Canthigaster","","janthinopterus","","Valid Name","","Species","","Bleeker","1855","N","a856fad0-95b5-43e4-9c6a-dd55b5c40412","20140428T04:53:16.496+0000","80605052-3379-4416-88ba-93caf8df89f4","20140429T04:00:17.360+0000","b7d7d45e-7cdf-4997-8475-4492b980b54c","80605052-3379-4416-88ba-93caf8df89f4","","","","","","","","","","","","","","",""
"","37467043","valentini","Canthigaster valentini (Bleeker, 1853)","TETRAODONTIDAE","Canthigaster","","valentini","","Valid Name","","Species","","Bleeker","1853","N","5ab6ebb0-ff89-4b44-b609-ff1fb38c1fc3","20140428T04:53:16.496+0000","9aa6c43c-632b-4925-8454-e3c58f797bd2","20140429T04:00:17.360+0000","b7d7d45e-7cdf-4997-8475-4492b980b54c","9aa6c43c-632b-4925-8454-e3c58f797bd2","","","","","","","","","","","","","","",""
"","37311189","krasyukovae","Caprodon krasyukovae Kharin, 1983","SERRANIDAE","Caprodon","","krasyukovae","","Valid Name","","Species","","Kharin","1983","Y","963a3bc5-da4a-4262-8fe0-398806fcc103","20120411T05:55:28.983+0000","5bdb0e91-b669-487c-ac76-aa389b0f6318","20180601T06:02:12.387+0000","3904a40e-3312-47c4-a71e-0410c506de32","5bdb0e91-b669-487c-ac76-aa389b0f6318","","","","","","","","","","","","","","",""
"","37289001","maculatus","Caracanthus maculatus (Gray, 1831)","SCORPAENIDAE","Caracanthus","","maculatus","","Valid Name","","Species","","Gray","1831","N","d70bfa62-7c99-4af8-a552-cb94de12caad","20150423T07:24:48.109+0000","fb446774-f45a-47d5-b415-150b60dc3dc1","20150505T21:35:04.768+0000","1fdf50fa-8551-4b08-aa86-445c8a91064c","fb446774-f45a-47d5-b415-150b60dc3dc1","","","","","","","","","","","","","","",""
"","37289002","unipinna","Caracanthus unipinna (Gray, 1831)","SCORPAENIDAE","Caracanthus","","unipinna","","Valid Name","","Species","","Gray","1831","N","d2980793-12bd-446d-b03e-16b8fabcc4cb","20150405T05:17:12.626+0000","9db6a35b-9f68-4c82-a4c8-06ced2716c49","20150505T21:35:04.768+0000","1fdf50fa-8551-4b08-aa86-445c8a91064c","9db6a35b-9f68-4c82-a4c8-06ced2716c49","","","","","","","","","","","","","","",""
"","37337057","orthogrammus","Carangoides orthogrammus (Jordan & Gilbert, 1882)","CARANGIDAE","Carangoides","","orthogrammus","","Valid Name","","Species","","Jordan & Gilbert","1882","N","65905926-b288-4ad8-99bd-77e7c4651bd7","20120114T12:00:51.961+0000","260652fd-15c9-446c-8edc-2e265cf38005","20130206T01:16:02.166+0000","fa630a0b-138e-4309-868c-9192fe5c29ed","260652fd-15c9-446c-8edc-2e265cf38005","","","","","","","","","","","","","","",""
"","37337053","lugubris","Caranx lugubris Poey, 1860","CARANGIDAE","Caranx","","lugubris","","Valid Name","","Species","","Poey","1860","Y","d576588c-a798-4e47-9f8d-77f6b6e16c59","20120503T07:28:01.766+0000","809a0923-b5a6-4ccb-9519-b3eac05443e2","20130206T00:56:44.976+0000","f0a13b6c-1003-442c-a442-1c6c8dd9dd01","809a0923-b5a6-4ccb-9519-b3eac05443e2","","","","","","","","","","","","","","",""
"","37337050","melampygus","Caranx melampygus Cuvier, 1833","CARANGIDAE","Caranx","","melampygus","","Valid Name","","Species","","Cuvier","1833","Y","392c207d-7817-4341-ab9e-82ac1babd4a9","20120115T04:18:17.792+0000","ac8ec92a-591e-4fcb-b061-2deede3c4f7a","20130206T00:56:44.976+0000","f0a13b6c-1003-442c-a442-1c6c8dd9dd01","ac8ec92a-591e-4fcb-b061-2deede3c4f7a","","","","","","","","","","","","","","",""
"","37337039","sexfasciatus","Caranx sexfasciatus Quoy & Gaimard, 1825","CARANGIDAE","Caranx","","sexfasciatus","","Valid Name","","Species","","Quoy & Gaimard","1825","Y","d7e1cbbf-0ee4-4b8b-8255-2c66756cbd72","20120503T07:18:59.283+0000","e267183b-dbb9-4ffe-8b7c-a23e299485d3","20130206T00:56:44.976+0000","f0a13b6c-1003-442c-a442-1c6c8dd9dd01","e267183b-dbb9-4ffe-8b7c-a23e299485d3","","","","","","","","","","","","","","",""
"","37018030","amblyrhynchos","Carcharhinus amblyrhynchos (Bleeker, 1856)","CARCHARHINIDAE","Carcharhinus","","amblyrhynchos","","Valid Name","","Species","","Bleeker","1856","N","8def6e8c-7365-4d2d-8da0-a4cebec0da09","20120628T06:12:23.689+0000","48b61b50-7536-4074-967f-0d1b81843dea","20120816T06:34:32.507+0000","f8363497-74a7-4c38-801b-c342a151f3a6","48b61b50-7536-4074-967f-0d1b81843dea","","","","","","","","","","","","","","",""
"","37018040","galapagensis","Carcharhinus galapagensis (Snodgrass & Heller, 1905)","CARCHARHINIDAE","Carcharhinus","","galapagensis","","Valid Name","","Species","","Snodgrass & Heller","1905","N","5b6741da-7025-4ca9-adb9-86b14454c12f","20120628T06:12:23.689+0000","46a70298-8d94-4948-a151-da951a9330d9","20120816T06:34:32.507+0000","f8363497-74a7-4c38-801b-c342a151f3a6","46a70298-8d94-4948-a151-da951a9330d9","","","","","","","","","","","","","","",""
"","37018032","longimanus","Carcharhinus longimanus (Poey, 1861)","CARCHARHINIDAE","Carcharhinus","","longimanus","","Valid Name","","Species","","Poey","1861","N","595d83b6-33fa-4901-84eb-12874fad3117","20140313T03:41:28.159+0000","cb0a68ed-2516-40a0-8214-3e22def363c1","20140313T03:41:28.159+0000","f8363497-74a7-4c38-801b-c342a151f3a6","cb0a68ed-2516-40a0-8214-3e22def363c1","","","","","","","","","","","","","","",""
"","37018003","obscurus","Carcharhinus obscurus (Lesueur, 1818)","CARCHARHINIDAE","Carcharhinus","","obscurus","","Valid Name","","Species","","Lesueur","1818","N","4daa1395-5ce0-44de-ac13-ac830596cd18","20140313T03:41:28.159+0000","98c33d5e-a888-4e3d-99fe-31e0d8d9bae5","20160630T06:08:44.950+0000","f8363497-74a7-4c38-801b-c342a151f3a6","98c33d5e-a888-4e3d-99fe-31e0d8d9bae5","","","","","","","","","","","","","","",""
"","37018007","plumbeus","Carcharhinus plumbeus (Nardo, 1827)","CARCHARHINIDAE","Carcharhinus","","plumbeus","","Valid Name","","Species","","Nardo","1827","N","696dca2c-0530-4a90-87b1-ef163858b566","20140313T03:41:28.159+0000","82508f9d-d2be-4f78-9a15-3948b7cbee18","20140313T03:41:28.159+0000","f8363497-74a7-4c38-801b-c342a151f3a6","82508f9d-d2be-4f78-9a15-3948b7cbee18","","","","","","","","","","","","","","",""
"","37010003","carcharias","Carcharodon carcharias (Linnaeus, 1758)","LAMNIDAE","Carcharodon","","carcharias","","Valid Name","","Species","","Linnaeus","1758","N","c03ed73d-afec-495c-a9f7-3cfc7eac8fc2","20140313T03:41:28.159+0000","f308a791-3721-4010-87ec-a61868b6ab79","20140313T03:41:28.159+0000","d5d76a31-017d-4fb0-aef3-70594dc0b764","f308a791-3721-4010-87ec-a61868b6ab79","","","","","","","","","","","","","","",""
"","37258003","affinis","Centroberyx affinis (Günther, 1859)","BERYCIDAE","Centroberyx","","affinis","","Valid Name","","Species","","Günther","1859","N","51f672ab-93f9-4da7-99b2-e7edd7ef3c8f","20151209T06:46:19.234+0000","ac0d16ac-a9c6-4d5d-b502-59811e911e7f","20160606T05:15:12.352+0000","dc9cc76f-f885-454c-be06-0637cea65c6e","ac0d16ac-a9c6-4d5d-b502-59811e911e7f","","","","","","","","","","","","","","",""
"","37445004","niger","Centrolophus niger (Gmelin, 1789)","CENTROLOPHIDAE","Centrolophus","","niger","","Valid Name","","Species","","Gmelin","1789","N","562e43a7-3fd7-456e-84e5-ef13a773f1df","20131008T23:07:52.756+0000","b62a50ae-e25c-4305-84f8-c4cab1da59fa","20131008T23:07:52.756+0000","b2295c43-9463-4f50-89eb-e1a2e932fdc6","b62a50ae-e25c-4305-84f8-c4cab1da59fa","","","","","","","","","","","","","","",""
"","37020010","harrissoni","Centrophorus harrissoni McCulloch, 1915","CENTROPHORIDAE","Centrophorus","","harrissoni","","Valid Name","","Species","","McCulloch","1915","Y","2fcb9cbd-43c0-48c5-89c6-aef4f7c147c5","20140313T03:41:28.159+0000","875d23a7-fc90-4880-b623-e0c257b80e0b","20140313T03:41:28.159+0000","9f32f941-f61f-4af9-b94f-9f1b66bd2c94","875d23a7-fc90-4880-b623-e0c257b80e0b","","","","","","","","","","","","","","",""
"","37365023","bispinosa","Centropyge bispinosa (Günther, 1860)","POMACANTHIDAE","Centropyge","","bispinosa","","Valid Name","","Species","","Günther","1860","N","bde82412-cf13-4347-b647-1deeabc87ff5","20131008T23:07:52.756+0000","abc56132-2f09-4811-be0d-13fc819383b1","20131025T04:37:24.690+0000","f2c52fb7-ef3e-4879-b91c-14d0c03ca471","abc56132-2f09-4811-be0d-13fc819383b1","","","","","","","","","","","","","","",""
"","37365031","tibicen","Centropyge tibicen (Cuvier, 1831)","POMACANTHIDAE","Centropyge","","tibicen","","Valid Name","","Species","","Cuvier","1831","N","e74b29bd-27d5-492f-a842-5b3660613fea","20131008T23:07:52.756+0000","78fd00c5-f7c1-4d74-9a3c-16b72aea3db3","20131008T23:07:52.756+0000","f2c52fb7-ef3e-4879-b91c-14d0c03ca471","78fd00c5-f7c1-4d74-9a3c-16b72aea3db3","","","","","","","","","","","","","","",""
"","37365032","vrolikii","Centropyge vrolikii (Bleeker, 1853)","POMACANTHIDAE","Centropyge","","vrolikii","","Valid Name","","Species","","Bleeker","1853","N","77253586-cab2-4664-9f92-650765d3c559","20131008T23:07:52.756+0000","970652a3-30bb-4db2-a541-6098616a3a49","20131008T23:07:52.756+0000","f2c52fb7-ef3e-4879-b91c-14d0c03ca471","970652a3-30bb-4db2-a541-6098616a3a49","","","","","","","","","","","","","","",""
"","37020012","crepidater","Centroselachus crepidater (Bocage & Capello, 1864)","SOMNIOSIDAE","Centroselachus","","crepidater","","Valid Name","","Species","","Bocage & Capello","1864","N","75676d95-7cc7-4776-9aaf-a3d99d92653c","20110218T01:51:42.612+0000","724f6186-e0b0-4339-a838-2e57ee8ae554","20151116T04:37:44.116+0000","7450b667-f647-40e9-9d9a-f6611ed65f31","724f6186-e0b0-4339-a838-2e57ee8ae554","","","","","","","","","","","","","","",""
"","37311082","argus","Cephalopholis argus Bloch & Schneider, 1801","SERRANIDAE","Cephalopholis","","argus","","Valid Name","","Species","","Bloch & Schneider","1801","Y","f839b189-267a-45d9-b1ff-e33d3df546ab","20121128T05:03:52.052+0000","1644600d-b0f0-44c0-a3ce-53b861a7beaf","20180601T06:02:12.387+0000","895f3f6e-cf96-4a05-bed9-6f2fa3dc0316","1644600d-b0f0-44c0-a3ce-53b861a7beaf","","","","","","","","","","","","","","",""
"","37311136","cyanostigma","Cephalopholis cyanostigma (Valenciennes, 1828)","SERRANIDAE","Cephalopholis","","cyanostigma","","Valid Name","","Species","","Valenciennes","1828","N","0c98dd69-ea9b-4eea-b647-ddadcbe1ff6b","20120308T13:36:34.659+0000","55dd3704-3cd9-4057-8952-8f1f5298921d","20180601T06:02:12.387+0000","895f3f6e-cf96-4a05-bed9-6f2fa3dc0316","55dd3704-3cd9-4057-8952-8f1f5298921d","","","","","","","","","","","","","","",""
"","37311139","microprion","Cephalopholis microprion (Bleeker, 1852)","SERRANIDAE","Cephalopholis","","microprion","","Valid Name","","Species","","Bleeker","1852","N","3db7077b-4fea-4e47-bd4b-419bf04de8d8","20120308T13:44:38.811+0000","579b21b0-c4c1-47f0-93f0-04ba073567c9","20180601T06:02:12.387+0000","895f3f6e-cf96-4a05-bed9-6f2fa3dc0316","579b21b0-c4c1-47f0-93f0-04ba073567c9","","","","","","","","","","","","","","",""
"","37311083","miniata","Cephalopholis miniata (Forsskål, 1755)","SERRANIDAE","Cephalopholis","","miniata","","Valid Name","","Species","","Forsskål","1755","N","7e9b7cd4-17db-4a0f-a566-6e125dcfbde8","20120502T08:06:53.184+0000","eeb1aef8-640e-4277-976a-db20fa504178","20180601T06:02:12.387+0000","895f3f6e-cf96-4a05-bed9-6f2fa3dc0316","eeb1aef8-640e-4277-976a-db20fa504178","","","","","","","","","","","","","","",""
"","37311140","sexmaculata","Cephalopholis sexmaculata (Rüppell, 1830)","SERRANIDAE","Cephalopholis","","sexmaculata","","Valid Name","","Species","","Rüppell","1830","N","15e7bf31-ec07-47c4-aeb6-413a082f785a","20120308T13:54:52.673+0000","6db0a2b8-d3f5-4344-a574-a2a17d347709","20180601T06:02:12.387+0000","895f3f6e-cf96-4a05-bed9-6f2fa3dc0316","6db0a2b8-d3f5-4344-a574-a2a17d347709","","","","","","","","","","","","","","",""
"","37311142","urodeta","Cephalopholis urodeta (Forster, 1801)","SERRANIDAE","Cephalopholis","","urodeta","","Valid Name","","Species","","Forster","1801","N","3677292e-9ded-4454-bccb-02b2df5cfa65","20121128T23:25:49.417+0000","913c47c9-a111-45c4-b03f-ec1226327b8a","20180601T06:02:12.387+0000","895f3f6e-cf96-4a05-bed9-6f2fa3dc0316","913c47c9-a111-45c4-b03f-ec1226327b8a","","","","","","","","","","","","","","",""
"","37122021","warmingii","Ceratoscopelus warmingii (Lütken, 1892)","MYCTOPHIDAE","Ceratoscopelus","","warmingii","","Valid Name","","Species","","Lütken","1892","N","6d2b9a97-8cef-411b-8121-0b59418602f4","20081009T05:11:37.000+0000","97880d11-7aeb-4afa-8eb7-6c6e58c74e7b","20100727T00:07:22.682+0000","68e22362-7943-42e3-bb26-bdeeb5a3d24a","97880d11-7aeb-4afa-8eb7-6c6e58c74e7b","","","","","","","","","","","","","","",""
"","37232029","globiceps","Cetonurus globiceps (Vaillant, 1884)","MACROURIDAE","Cetonurus","","globiceps","","Valid Name","","Species","","Vaillant","1884","N","cb7a9bc0-dd8c-4e7b-aa73-c1535f287ef6","20180512T08:37:39.564+0000","c5719997-1823-4475-98a7-4f936995b998","20180731T05:42:43.637+0000","323821f0-9da5-4eed-95fe-81794ef7b8e6","c5719997-1823-4475-98a7-4f936995b998","","","","","","","","","","","","","","",""
"","37011001","maximus","Cetorhinus maximus (Gunnerus, 1765)","CETORHINIDAE","Cetorhinus","","maximus","","Valid Name","","Species","","Gunnerus","1765","N","01fbd5b5-7200-484d-92fe-db392e16873f","20120308T01:19:55.782+0000","3a3f1aca-2e26-4258-9e98-ef941597ed6a","20131121T06:24:36.488+0000","69e9e2ba-d86d-4093-bf11-f85114944f61","3a3f1aca-2e26-4258-9e98-ef941597ed6a","","","","","","","","","","","","","","",""
"","37386007","ocellatus","Cetoscarus ocellatus (Valenciennes, 1840)","LABRIDAE","Cetoscarus","","ocellatus","","Valid Name","","Species","","Valenciennes","1840","N","3b6038b9-0fa0-4584-ab71-3f650f097065","20160409T05:25:53.050+0000","0fca429f-09f7-4a4b-9421-d35173b54f0a","20170727T04:09:21.978+0000","a91dd030-9aa8-4897-9548-324c06ed8d5e","0fca429f-09f7-4a4b-9421-d35173b54f0a","","","","","","","","","","","","","","",""
"","37365019","auriga","Chaetodon auriga Forsskål, 1775","CHAETODONTIDAE","Chaetodon","","auriga","","Valid Name","","Species","","Forsskål","1775","Y","cb096185-a008-4a07-a6e2-af7ca2360939","20131008T23:07:52.756+0000","7b9b00b1-09a6-4eb2-b4d0-018e80bdfef4","20170531T00:56:50.278+0000","df3d9b4a-ea48-4430-80fe-aacc623a8944","7b9b00b1-09a6-4eb2-b4d0-018e80bdfef4","","","","","","","","","","","","","","",""
"","37365035","bennetti","Chaetodon bennetti Cuvier, 1831","CHAETODONTIDAE","Chaetodon","","bennetti","","Valid Name","","Species","","Cuvier","1831","Y","2e9b5274-00f1-4dc4-8586-a41a76d9a805","20131008T23:07:52.756+0000","1f431359-fdc9-4c21-9c7c-274cd4c05269","20131008T23:07:52.756+0000","df3d9b4a-ea48-4430-80fe-aacc623a8944","1f431359-fdc9-4c21-9c7c-274cd4c05269","","","","","","","","","","","","","","",""
"","37365036","citrinellus","Chaetodon citrinellus Cuvier, 1831","CHAETODONTIDAE","Chaetodon","","citrinellus","","Valid Name","","Species","","Cuvier","1831","Y","7dead4ce-ebfe-4330-9bf7-a3d8c09c3067","20131008T23:07:52.756+0000","9c92c14f-8e27-4291-acda-1d4ef4e5b976","20131008T23:07:52.756+0000","df3d9b4a-ea48-4430-80fe-aacc623a8944","9c92c14f-8e27-4291-acda-1d4ef4e5b976","","","","","","","","","","","","","","",""
"","37365037","ephippium","Chaetodon ephippium Cuvier, 1831","CHAETODONTIDAE","Chaetodon","","ephippium","","Valid Name","","Species","","Cuvier","1831","Y","afbd5b1b-af30-442b-8355-75e14dde8bdc","20131008T23:07:52.756+0000","f8f65564-1270-4f28-a3ab-30d6a33503bf","20131008T23:07:52.756+0000","df3d9b4a-ea48-4430-80fe-aacc623a8944","f8f65564-1270-4f28-a3ab-30d6a33503bf","","","","","","","","","","","","","","",""
"","37365038","flavirostris","Chaetodon flavirostris Günther, 1874","CHAETODONTIDAE","Chaetodon","","flavirostris","","Valid Name","","Species","","Günther","1874","Y","d0a2dc09-1b07-4152-b8bb-8cd0abbe0457","20131008T23:07:52.756+0000","b920a9cf-cc39-41bb-ad3e-8e9cf14057c4","20131008T23:07:52.756+0000","df3d9b4a-ea48-4430-80fe-aacc623a8944","b920a9cf-cc39-41bb-ad3e-8e9cf14057c4","","","","","","","","","","","","","","",""
"","37365039","guentheri","Chaetodon guentheri Ahl, 1923","CHAETODONTIDAE","Chaetodon","","guentheri","","Valid Name","","Species","","Ahl","1923","Y","a61f8f95-9cdc-4bd6-81d1-a48758e9a44b","20131008T23:07:52.756+0000","e9f5fcd0-3bb6-4c74-9a20-7d87a0490d78","20131008T23:07:52.756+0000","df3d9b4a-ea48-4430-80fe-aacc623a8944","e9f5fcd0-3bb6-4c74-9a20-7d87a0490d78","","","","","","","","","","","","","","",""
"","37365040","kleinii","Chaetodon kleinii Bloch, 1790","CHAETODONTIDAE","Chaetodon","","kleinii","","Valid Name","","Species","","Bloch","1790","Y","6503defe-cb78-4482-9404-2b52e7f88070","20131008T23:07:52.756+0000","d4dba09a-3fcc-4186-bf2a-2c58649fb794","20131023T04:43:16.028+0000","df3d9b4a-ea48-4430-80fe-aacc623a8944","d4dba09a-3fcc-4186-bf2a-2c58649fb794","","","","","","","","","","","","","","",""
"","37365041","lineolatus","Chaetodon lineolatus Cuvier, 1831","CHAETODONTIDAE","Chaetodon","","lineolatus","","Valid Name","","Species","","Cuvier","1831","Y","07485b0f-83d3-4b7f-994b-c1e049a53b5e","20131008T23:07:52.756+0000","c4e8dd8a-739e-4422-81a7-507ac858983f","20131008T23:07:52.756+0000","df3d9b4a-ea48-4430-80fe-aacc623a8944","c4e8dd8a-739e-4422-81a7-507ac858983f","","","","","","","","","","","","","","",""
"","37365042","lunula","Chaetodon lunula (Lacépède, 1802)","CHAETODONTIDAE","Chaetodon","","lunula","","Valid Name","","Species","","Lacépède","1802","N","5049cde2-8731-442e-beec-25f79d58c84e","20131008T23:07:52.756+0000","f6675364-d516-4057-b2a0-f74b8e0849cb","20131008T23:07:52.756+0000","df3d9b4a-ea48-4430-80fe-aacc623a8944","f6675364-d516-4057-b2a0-f74b8e0849cb","","","","","","","","","","","","","","",""
"","37365059","lunulatus","Chaetodon lunulatus Quoy & Gaimard, 1825","CHAETODONTIDAE","Chaetodon","","lunulatus","","Valid Name","","Species","","Quoy & Gaimard","1825","Y","23bc7c7a-8a93-44b6-a0da-1680a726ce9c","20131008T23:07:52.756+0000","037ab3e7-6f0e-4fba-93ae-74ab648b05e2","20131008T23:07:52.756+0000","df3d9b4a-ea48-4430-80fe-aacc623a8944","037ab3e7-6f0e-4fba-93ae-74ab648b05e2","","","","","","","","","","","","","","",""
"","37365043","melannotus","Chaetodon melannotus Bloch & Schneider, 1801","CHAETODONTIDAE","Chaetodon","","melannotus","","Valid Name","","Species","","Bloch & Schneider","1801","Y","256e4ab6-ac64-4a2c-9686-c47aa0d0fe0c","20131008T23:07:52.756+0000","66622273-96c0-40db-be1a-62142c62f0af","20131008T23:07:52.756+0000","df3d9b4a-ea48-4430-80fe-aacc623a8944","66622273-96c0-40db-be1a-62142c62f0af","","","","","","","","","","","","","","",""
"","37365044","mertensii","Chaetodon mertensii Cuvier, 1831","CHAETODONTIDAE","Chaetodon","","mertensii","","Valid Name","","Species","","Cuvier","1831","Y","12579a8d-5c77-456b-a940-e94d3f75cee9","20131008T23:07:52.756+0000","c5464db2-8310-40f9-9872-306f6de44a47","20131008T23:07:52.756+0000","df3d9b4a-ea48-4430-80fe-aacc623a8944","c5464db2-8310-40f9-9872-306f6de44a47","","","","","","","","","","","","","","",""
"","37365047","ornatissimus","Chaetodon ornatissimus Cuvier, 1831","CHAETODONTIDAE","Chaetodon","","ornatissimus","","Valid Name","","Species","","Cuvier","1831","Y","a237b578-137b-43d7-976a-d8bdab71c27f","20131008T23:07:52.756+0000","919d0268-2d27-4275-a17d-be6d37f8b217","20131008T23:07:52.756+0000","df3d9b4a-ea48-4430-80fe-aacc623a8944","919d0268-2d27-4275-a17d-be6d37f8b217","","","","","","","","","","","","","","",""
"","37365049","pelewensis","Chaetodon pelewensis Kner, 1868","CHAETODONTIDAE","Chaetodon","","pelewensis","","Valid Name","","Species","","Kner","1868","Y","5b2474a7-4ac8-46df-a6a7-47824355885e","20131008T23:07:52.756+0000","bee830dd-8f02-4c35-a476-6b878f243e3f","20131008T23:07:52.756+0000","df3d9b4a-ea48-4430-80fe-aacc623a8944","bee830dd-8f02-4c35-a476-6b878f243e3f","","","","","","","","","","","","","","",""
"","37365050","plebeius","Chaetodon plebeius Cuvier, 1831","CHAETODONTIDAE","Chaetodon","","plebeius","","Valid Name","","Species","","Cuvier","1831","Y","13cd1819-572a-4871-ad8d-e4f406ed0d73","20131008T23:07:52.756+0000","661a04ce-0d8e-41a2-8019-305c08b2997a","20131008T23:07:52.756+0000","df3d9b4a-ea48-4430-80fe-aacc623a8944","661a04ce-0d8e-41a2-8019-305c08b2997a","","","","","","","","","","","","","","",""
"","37365053","rainfordi","Chaetodon rainfordi McCulloch, 1923","CHAETODONTIDAE","Chaetodon","","rainfordi","","Valid Name","","Species","","McCulloch","1923","Y","51ea81c0-2637-4984-a919-e1f43e2425b0","20131008T23:07:52.756+0000","393b0816-717b-4d84-87a4-350ae97453f5","20131008T23:07:52.756+0000","df3d9b4a-ea48-4430-80fe-aacc623a8944","393b0816-717b-4d84-87a4-350ae97453f5","","","","","","","","","","","","","","",""
"","37365056","speculum","Chaetodon speculum Cuvier, 1831","CHAETODONTIDAE","Chaetodon","","speculum","","Valid Name","","Species","","Cuvier","1831","Y","1d0a2677-d203-42a0-b3f3-aabdbf6a0ed6","20131008T23:07:52.756+0000","bb43f4de-3ebe-4349-8567-940bc40007b1","20131008T23:07:52.756+0000","df3d9b4a-ea48-4430-80fe-aacc623a8944","bb43f4de-3ebe-4349-8567-940bc40007b1","","","","","","","","","","","","","","",""
"","37365057","tricinctus","Chaetodon tricinctus Waite, 1901","CHAETODONTIDAE","Chaetodon","","tricinctus","","Valid Name","","Species","","Waite","1901","Y","eb05988a-040e-43fc-90b0-8d2dd2e2dccc","20131008T23:07:52.756+0000","2a6dd47b-6112-4691-a4c1-6bc3becca20b","20131008T23:07:52.756+0000","df3d9b4a-ea48-4430-80fe-aacc623a8944","2a6dd47b-6112-4691-a4c1-6bc3becca20b","","","","","","","","","","","","","","",""
"","37365058","trifascialis","Chaetodon trifascialis Quoy & Gaimard, 1825","CHAETODONTIDAE","Chaetodon","","trifascialis","","Valid Name","","Species","","Quoy & Gaimard","1825","Y","aaff2088-075a-4523-a820-c8652bf166ab","20131008T23:07:52.756+0000","2f95f4a3-650a-4fb1-abb3-99f7d13de924","20131023T05:16:37.586+0000","df3d9b4a-ea48-4430-80fe-aacc623a8944","2f95f4a3-650a-4fb1-abb3-99f7d13de924","","","","","","","","","","","","","","",""
"","37365060","ulietensis","Chaetodon ulietensis Cuvier, 1831","CHAETODONTIDAE","Chaetodon","","ulietensis","","Valid Name","","Species","","Cuvier","1831","Y","8b8a299e-91ba-4ce1-ac48-ebf1719ed187","20131008T23:07:52.756+0000","0da485c5-e89f-4f5e-b029-f02782fd11d0","20131008T23:07:52.756+0000","df3d9b4a-ea48-4430-80fe-aacc623a8944","0da485c5-e89f-4f5e-b029-f02782fd11d0","","","","","","","","","","","","","","",""
"","37365061","unimaculatus","Chaetodon unimaculatus Bloch, 1787","CHAETODONTIDAE","Chaetodon","","unimaculatus","","Valid Name","","Species","","Bloch","1787","Y","fd1c6959-f709-44f3-b577-5006680c2639","20131008T23:07:52.756+0000","09999262-7370-4b9f-82ae-df1dfb4163de","20131008T23:07:52.756+0000","df3d9b4a-ea48-4430-80fe-aacc623a8944","09999262-7370-4b9f-82ae-df1dfb4163de","","","","","","","","","","","","","","",""
"","37365062","vagabundus","Chaetodon vagabundus Linnaeus, 1758","CHAETODONTIDAE","Chaetodon","","vagabundus","","Valid Name","","Species","","Linnaeus","1758","Y","b6d94ef5-8d47-4e51-9a44-da603b26bf39","20131008T23:07:52.756+0000","a2722c8b-dc31-48af-9a4c-4b65fb37d650","20131008T23:07:52.756+0000","df3d9b4a-ea48-4430-80fe-aacc623a8944","a2722c8b-dc31-48af-9a4c-4b65fb37d650","","","","","","","","","","","","","","",""
"","37365063","ballinae","Chaetodontoplus ballinae Whitley, 1959","POMACANTHIDAE","Chaetodontoplus","","ballinae","","Valid Name","","Species","","Whitley","1959","Y","02217037-5074-4847-a12c-825a796362cb","20131008T23:07:52.756+0000","b6558fd1-aaf6-4588-b41b-8580c32ef646","20131008T23:07:52.756+0000","8bb584fa-0c13-4d8f-9d20-0ec18ce08230","b6558fd1-aaf6-4588-b41b-8580c32ef646","","","","","","","","","","","","","","",""
"","37365064","conspicillatus","Chaetodontoplus conspicillatus (Waite, 1900)","POMACANTHIDAE","Chaetodontoplus","","conspicillatus","","Valid Name","","Species","","Waite","1900","N","d5ba0a19-1f40-424d-a1f6-f22d58cc9d8e","20131008T23:07:52.756+0000","d405616a-d868-4520-80e0-f6d72d030be6","20131008T23:07:52.756+0000","8bb584fa-0c13-4d8f-9d20-0ec18ce08230","d405616a-d868-4520-80e0-f6d72d030be6","","","","","","","","","","","","","","",""
"","37365065","meredithi","Chaetodontoplus meredithi Kuiter, 1990","POMACANTHIDAE","Chaetodontoplus","","meredithi","","Valid Name","","Species","","Kuiter","1990","Y","f703c4a6-c776-4241-863a-38e7031e2025","20131008T23:07:52.756+0000","47683049-2c9e-4c8b-8ada-600256942ef9","20131008T23:07:52.756+0000","8bb584fa-0c13-4d8f-9d20-0ec18ce08230","47683049-2c9e-4c8b-8ada-600256942ef9","","","","","","","","","","","","","","",""
"","37142001","chanos","Chanos chanos (Forsskål, 1775)","CHANIDAE","Chanos","","chanos","","Valid Name","","Species","","Forsskål","1775","N","de83b3ee-ec37-4e90-893e-f1eded3cdba0","20120604T06:44:26.378+0000","eb7d5ece-9277-43c3-af45-6c526aa02049","20170531T00:56:50.278+0000","986b0127-7d0f-4395-b2d6-a0382f339db0","eb7d5ece-9277-43c3-af45-6c526aa02049","","","","","","","","","","","","","","",""
"","37211012","spinosus","Chaunacops spinosus Ho & McGrouther, 2015","CHAUNACIDAE","Chaunacops","","spinosus","","Valid Name","","Species","","Ho & McGrouther","2015","Y","e73fce1f-e61f-4bc0-b8f9-9266a2ec2ee5","20150512T08:36:33.635+0000","25aad01c-8d04-44f7-abee-73d09c59af08","20150625T00:28:50.961+0000","f672f042-5ddf-4dda-bd53-f9b53d082032","25aad01c-8d04-44f7-abee-73d09c59af08","","","","","","","","","","","","","","",""
"","37211011","nudiventer","Chaunax nudiventer Ho & Shao, 2010","CHAUNACIDAE","Chaunax","","nudiventer","","Valid Name","","Species","","Ho & Shao","2010","Y","f4b5c67c-3e03-4ef5-9e74-e111a084619e","20150514T05:21:37.774+0000","4e197938-0c6c-4fed-8e2e-0de8b8608792","20150625T00:28:50.961+0000","d9d5473d-7788-49e1-a1f0-8143b1e669bc","4e197938-0c6c-4fed-8e2e-0de8b8608792","","","","","","","","","","","","","","",""
"","37384064","chlorourus","Cheilinus chlorourus (Bloch, 1791)","LABRIDAE","Cheilinus","","chlorourus","","Valid Name","","Species","","Bloch","1791","N","085af02b-9d85-4b95-878c-de2932823f4e","20170628T06:18:44.368+0000","9fd01774-58cb-4794-9902-28e87c9822f4","20170727T04:09:21.978+0000","f6b432e8-35b0-45d8-b4ee-647c89c5bd8c","9fd01774-58cb-4794-9902-28e87c9822f4","","","","","","","","","","","","","","",""
"","37384066","fasciatus","Cheilinus fasciatus (Bloch, 1791)","LABRIDAE","Cheilinus","","fasciatus","","Valid Name","","Species","","Bloch","1791","N","dd7d17e1-7eb6-4d76-9e0a-4a53ceeed610","20170605T07:48:59.530+0000","605e4aa4-c151-465d-8877-11d5373eb2e2","20170727T04:09:21.978+0000","f6b432e8-35b0-45d8-b4ee-647c89c5bd8c","605e4aa4-c151-465d-8877-11d5373eb2e2","","","","","","","","","","","","","","",""
"","37384044","trilobatus","Cheilinus trilobatus Lacépède, 1801","LABRIDAE","Cheilinus","","trilobatus","","Valid Name","","Species","","Lacépède","1801","Y","77f79e60-91ab-4a50-a08b-150f6b99f9cd","20170628T06:17:24.016+0000","3626a2bb-d737-44e6-9397-12d044224b78","20170727T04:09:21.978+0000","f6b432e8-35b0-45d8-b4ee-647c89c5bd8c","3626a2bb-d737-44e6-9397-12d044224b78","","","","","","","","","","","","","","",""
"","37384038","undulatus","Cheilinus undulatus Rüppell, 1835","LABRIDAE","Cheilinus","","undulatus","","Valid Name","","Species","","Rüppell","1835","Y","29f979bd-31f0-48f1-aa7b-26054e918153","20170628T06:20:28.656+0000","c65cd545-5354-407a-bc9f-13e277873e18","20170727T04:09:21.978+0000","f6b432e8-35b0-45d8-b4ee-647c89c5bd8c","c65cd545-5354-407a-bc9f-13e277873e18","","","","","","","","","","","","","","",""
"","37384070","inermis","Cheilio inermis (Forsskål, 1775)","LABRIDAE","Cheilio","","inermis","","Valid Name","","Species","","Forsskål","1775","N","70e951e0-1ee3-46d5-bb24-1345a1e329e0","20170606T04:56:13.678+0000","c269950c-be71-4782-ab5b-6d2321a69e40","20170727T04:09:21.978+0000","59c6f032-f426-4365-93fe-45997c0c0485","c269950c-be71-4782-ab5b-6d2321a69e40","","","","","","","","","","","","","","",""
"","37377011","ephippium","Cheilodactylus ephippium McCulloch & Waite, 1916","CHEILODACTYLIDAE","Cheilodactylus","","ephippium","","Valid Name","","Species","","McCulloch & Waite","1916","Y","8a9c9a8a-7232-4b4d-bab5-9c77019c91b2","20131008T23:07:52.756+0000","98fdf28e-5e6a-45f8-b284-e78faefacbf5","20131008T23:07:52.756+0000","5b90af60-d093-4b9b-9b92-c1221ba12d3c","98fdf28e-5e6a-45f8-b284-e78faefacbf5","","","","","","","","","","","","","","",""
"","37377015","francisi","Cheilodactylus francisi Burridge, 2004","CHEILODACTYLIDAE","Cheilodactylus","","francisi","","Valid Name","","Species","","Burridge","2004","Y","718381bb-a6c9-4b2e-b733-5e5010459c84","20120114T07:56:00.258+0000","9f0012bb-7740-463f-ac19-9db28ab9c6dd","20121112T23:32:39.292+0000","5b90af60-d093-4b9b-9b92-c1221ba12d3c","9f0012bb-7740-463f-ac19-9db28ab9c6dd","","","","","","","","","","","","","","",""
"","37377009","fuscus","Cheilodactylus fuscus Castelnau, 1879","CHEILODACTYLIDAE","Cheilodactylus","","fuscus","","Valid Name","","Species","","Castelnau","1879","Y","956a7710-ee50-425d-a82d-88e585da7b49","20131008T23:07:52.756+0000","73df0898-150d-464b-8748-6383268fbb5e","20131008T23:07:52.756+0000","5b90af60-d093-4b9b-9b92-c1221ba12d3c","73df0898-150d-464b-8748-6383268fbb5e","","","","","","","","","","","","","","",""
"","37377008","vestitus","Cheilodactylus vestitus (Castelnau, 1879)","CHEILODACTYLIDAE","Cheilodactylus","","vestitus","","Valid Name","","Species","","Castelnau","1879","N","cc22f1c9-5494-424a-938a-6e3c716f1fb1","20131008T23:07:52.756+0000","0372a96f-d60d-462e-9e3f-2decb032aa82","20131008T23:07:52.756+0000","5b90af60-d093-4b9b-9b92-c1221ba12d3c","0372a96f-d60d-462e-9e3f-2decb032aa82","","","","","","","","","","","","","","",""
"","37327089","macrodon","Cheilodipterus macrodon (Lacépède, 1802)","APOGONIDAE","Cheilodipterus","","macrodon","","Valid Name","","Species","","Lacépède","1802","N","9f2f3229-bf08-482e-8a06-eb0fc4ad9cfc","20140806T01:08:46.507+0000","9cd34289-03f0-43aa-96b5-5a2136730b0a","20150222T20:47:51.319+0000","3c06dd80-8128-48f8-81b3-a685b387b096","9cd34289-03f0-43aa-96b5-5a2136730b0a","","","","","","","","","","","","","","",""
"","37327090","quinquelineatus","Cheilodipterus quinquelineatus Cuvier, 1828","APOGONIDAE","Cheilodipterus","","quinquelineatus","","Valid Name","","Species","","Cuvier","1828","Y","4eee494c-6779-4c9c-a293-a967494d9437","20140806T01:08:46.507+0000","8627f21e-dce0-4092-89cf-419f6a20a5ac","20150222T20:47:51.319+0000","3c06dd80-8128-48f8-81b3-a685b387b096","8627f21e-dce0-4092-89cf-419f6a20a5ac","","","","","","","","","","","","","","",""
"","37233001","furcatus","Cheilopogon furcatus (Mitchill, 1815)","EXOCOETIDAE","Cheilopogon","","furcatus","","Valid Name","","Species","","Mitchill","1815","N","a45db54d-911f-4aff-8e7c-35e07c190341","20180306T06:49:47.216+0000","5bbc7e68-b02e-432a-b4db-093bca3ff302","20180329T02:08:16.158+0000","d9cdf119-6712-446b-8f92-3372c0a18659","5bbc7e68-b02e-432a-b4db-093bca3ff302","","","","","","","","","","","","","","",""
"","37233006","heterurus","Cheilopogon heterurus (Rafinesque, 1810)","EXOCOETIDAE","Cheilopogon","","heterurus","","Valid Name","","Species","","Rafinesque","1810","N","c5ba314e-ad42-4e0e-ad0f-2a817ca97878","20161110T05:24:42.745+0000","504e7230-1ff1-4df1-bc6b-f5deb0b54d9d","20180329T02:08:16.158+0000","d9cdf119-6712-446b-8f92-3372c0a18659","504e7230-1ff1-4df1-bc6b-f5deb0b54d9d","","","","","","","","","","","","","","",""
"","37288001","kumu","Chelidonichthys kumu (Cuvier, 1829)","TRIGLIDAE","Chelidonichthys","","kumu","","Valid Name","","Species","","Cuvier","1829","N","aa3d67ab-d1a4-4ccf-abca-5a5acdd63da6","20150417T01:13:18.984+0000","9b42e970-9fe6-4555-b65d-d4f0fdac2924","20150505T21:35:04.768+0000","a5960ea5-837f-4fcb-ae42-61dc6a1d10d8","9b42e970-9fe6-4555-b65d-d4f0fdac2924","","","","","","","","","","","","","","",""
"","37469014","reticulatus","Chilomycterus reticulatus (Linnaeus, 1758)","DIODONTIDAE","Chilomycterus","","reticulatus","","Valid Name","","Species","","Linnaeus","1758","N","cf261555-ba21-454e-a551-5fca9e7ff47b","20140428T04:53:16.496+0000","b5f2cd6d-2eef-42ce-a880-31132f4513e1","20140429T04:00:17.360+0000","6e6cb058-8a9d-4415-97dd-c178d45d1458","b5f2cd6d-2eef-42ce-a880-31132f4513e1","","","","","","","","","","","","","","",""
"","37375001","marmoratus","Chironemus marmoratus Günther, 1860","CHIRONEMIDAE","Chironemus","","marmoratus","","Valid Name","","Species","","Günther","1860","Y","02097c7f-a40e-4c05-8faa-a115cef3613a","20131008T23:07:52.756+0000","c2a85b4b-5900-448d-9493-442ecfd349f2","20131008T23:07:52.756+0000","8e7919f1-ba33-4175-9510-8e28f6817276","c2a85b4b-5900-448d-9493-442ecfd349f2","","","","","","","","","","","","","","",""
"","37375004","microlepis","Chironemus microlepis Waite, 1916","CHIRONEMIDAE","Chironemus","","microlepis","","Valid Name","","Species","","Waite","1916","Y","bd0ff72f-09c2-4598-954a-47378f531bb6","20120125T09:28:54.302+0000","e565ae55-8754-454c-b334-366acf3c6416","20121115T02:48:37.816+0000","8e7919f1-ba33-4175-9510-8e28f6817276","e565ae55-8754-454c-b334-366acf3c6416","","","","","","","","","","","","","","",""
"","37386020","microrhinos","Chlorurus microrhinos (Bleeker, 1854)","LABRIDAE","Chlorurus","","microrhinos","","Valid Name","","Species","","Bleeker","1854","N","abf7e9d8-af41-4243-b71c-b26909d87a5d","20170526T06:16:19.125+0000","883f6a14-9ccf-488d-a6ed-8124c72459a6","20170727T04:09:21.978+0000","3f24cdb8-17d6-4163-a7dc-25425313f4ef","883f6a14-9ccf-488d-a6ed-8124c72459a6","","","","","","","","","","","","","","",""
"","37386030","spilurus","Chlorurus spilurus (Valenciennes, 1840)","LABRIDAE","Chlorurus","","spilurus","","Valid Name","","Species","","Valenciennes","1840","N","b679241a-3e63-4887-9e3b-7a2ddc16766c","20170526T06:33:29.809+0000","e1ac6e5d-ae46-4ca3-9bb1-a2c6a25f33dc","20170727T04:09:21.978+0000","3f24cdb8-17d6-4163-a7dc-25425313f4ef","e1ac6e5d-ae46-4ca3-9bb1-a2c6a25f33dc","","","","","","","","","","","","","","",""
"","37384073","fasciatus","Choerodon fasciatus (Günther, 1867)","LABRIDAE","Choerodon","","fasciatus","","Valid Name","","Species","","Günther","1867","N","255aa6d8-8d6b-499c-b7a1-bddbe36642e3","20170606T05:41:08.820+0000","1fff87bc-ccaa-45d8-bf7b-5da55bb72371","20170727T04:09:21.978+0000","7ecc3622-043f-4fc9-b734-51f870f5a54e","1fff87bc-ccaa-45d8-bf7b-5da55bb72371","","","","","","","","","","","","","","",""
"","37372031","abyssicola","Chromis abyssicola Allen & Randall, 1985","POMACENTRIDAE","Chromis","","abyssicola","","Valid Name","","Species","","Allen & Randall","1985","Y","7d325c5d-db63-4137-9205-378b91a8aec0","20170513T08:21:36.081+0000","786933a1-230f-4edc-a0a9-77a338bf117b","20170727T04:09:21.978+0000","83ee4548-4e42-4b5f-845a-5f6ea3cc2a4a","786933a1-230f-4edc-a0a9-77a338bf117b","","","","","","","","","","","","","","",""
"","37372032","agilis","Chromis agilis Smith, 1960","POMACENTRIDAE","Chromis","","agilis","","Valid Name","","Species","","Smith","1960","Y","d54697fd-ac5b-477c-b074-b738cdb122f8","20160322T07:30:44.439+0000","75b39c97-88df-4e98-9ae9-e7f57a975e86","20170727T04:09:21.978+0000","83ee4548-4e42-4b5f-845a-5f6ea3cc2a4a","75b39c97-88df-4e98-9ae9-e7f57a975e86","","","","","","","","","","","","","","",""
"","37372036","atripectoralis","Chromis atripectoralis Welander & Schultz, 1951","POMACENTRIDAE","Chromis","","atripectoralis","","Valid Name","","Species","","Welander & Schultz","1951","Y","b96e4c2f-c5d6-4292-95c3-fd6b5b39bd30","20170529T07:24:09.421+0000","1db3fe84-2de6-4e83-b644-c65ade9351b4","20170727T04:09:21.978+0000","83ee4548-4e42-4b5f-845a-5f6ea3cc2a4a","1db3fe84-2de6-4e83-b644-c65ade9351b4","","","","","","","","","","","","","","",""
"","37372037","atripes","Chromis atripes Fowler & Bean, 1928","POMACENTRIDAE","Chromis","","atripes","","Valid Name","","Species","","Fowler & Bean","1928","Y","0233ecba-67d3-4840-8e38-82e7cd2c7f21","20170529T07:25:16.671+0000","4149d8d6-1a89-42f2-8c62-b1a6ac721978","20170727T04:09:21.978+0000","83ee4548-4e42-4b5f-845a-5f6ea3cc2a4a","4149d8d6-1a89-42f2-8c62-b1a6ac721978","","","","","","","","","","","","","","",""
"","37372038","chrysura","Chromis chrysura (Bliss, 1883)","POMACENTRIDAE","Chromis","","chrysura","","Valid Name","","Species","","Bliss","1883","N","250eb396-43c5-4739-bc7d-eb2ee4532d87","20170513T08:52:39.414+0000","0149cb36-4a50-4b3f-af34-a5c788d73df0","20170727T04:09:21.978+0000","83ee4548-4e42-4b5f-845a-5f6ea3cc2a4a","0149cb36-4a50-4b3f-af34-a5c788d73df0","","","","","","","","","","","","","","",""
"","37372002","hypsilepis","Chromis hypsilepis (Günther, 1867)","POMACENTRIDAE","Chromis","","hypsilepis","","Valid Name","","Species","","Günther","1867","N","bd49e79e-adca-467f-8647-88bc15977a4f","20170513T09:54:55.880+0000","bfc16a3f-f295-462b-b3e9-3a419e2a8506","20170727T04:09:21.978+0000","83ee4548-4e42-4b5f-845a-5f6ea3cc2a4a","bfc16a3f-f295-462b-b3e9-3a419e2a8506","","","","","","","","","","","","","","",""
"","37372043","iomelas","Chromis iomelas Jordan & Seale, 1906","POMACENTRIDAE","Chromis","","iomelas","","Valid Name","","Species","","Jordan & Seale","1906","Y","6234df5b-7af0-49ee-8c74-010369f8e945","20170513T09:56:40.037+0000","d28d24a0-7394-4a6b-8bd8-b4ce46529715","20170727T04:09:21.978+0000","83ee4548-4e42-4b5f-845a-5f6ea3cc2a4a","d28d24a0-7394-4a6b-8bd8-b4ce46529715","","","","","","","","","","","","","","",""
"","37372042","kennensis","Chromis kennensis Whitley, 1964","POMACENTRIDAE","Chromis","","kennensis","","Valid Name","","Species","","Whitley","1964","Y","3deeecae-5e64-4935-8b2e-8e1f59604f7f","20170513T09:47:32.223+0000","5bbd6dcf-986e-4dc3-9283-3f85be5fe537","20170727T04:09:21.978+0000","83ee4548-4e42-4b5f-845a-5f6ea3cc2a4a","5bbd6dcf-986e-4dc3-9283-3f85be5fe537","","","","","","","","","","","","","","",""
"","37372047","margaritifer","Chromis margaritifer Fowler, 1946","POMACENTRIDAE","Chromis","","margaritifer","","Valid Name","","Species","","Fowler","1946","Y","8f5d7714-cd85-4d9d-a19e-99e0e580de36","20170529T06:35:47.718+0000","3bcb3aee-e996-45eb-befd-ca02c1ef05d9","20170727T04:09:21.978+0000","83ee4548-4e42-4b5f-845a-5f6ea3cc2a4a","3bcb3aee-e996-45eb-befd-ca02c1ef05d9","","","","","","","","","","","","","","",""
"","37372049","nitida","Chromis nitida (Whitley, 1928)","POMACENTRIDAE","Chromis","","nitida","","Valid Name","","Species","","Whitley","1928","N","92791018-1ecf-4fd6-9512-de94aba5c3ec","20170516T07:26:42.931+0000","cf6d2927-2c12-4ff4-b780-62278790db2e","20170727T04:09:21.978+0000","83ee4548-4e42-4b5f-845a-5f6ea3cc2a4a","cf6d2927-2c12-4ff4-b780-62278790db2e","","","","","","","","","","","","","","",""
"","37372051","ternatensis","Chromis ternatensis (Bleeker, 1856)","POMACENTRIDAE","Chromis","","ternatensis","","Valid Name","","Species","","Bleeker","1856","N","a10a7590-94dc-4572-9ba1-ecf69422fc6b","20170529T06:34:07.084+0000","4fd23954-c60f-49d5-8807-64c042760b52","20170727T04:09:21.978+0000","83ee4548-4e42-4b5f-845a-5f6ea3cc2a4a","4fd23954-c60f-49d5-8807-64c042760b52","","","","","","","","","","","","","","",""
"","37372052","vanderbilti","Chromis vanderbilti (Fowler, 1941)","POMACENTRIDAE","Chromis","","vanderbilti","","Valid Name","","Species","","Fowler","1941","N","ba98a47f-045d-4f64-a65c-ccd709a73f0e","20170516T07:28:20.687+0000","656037a3-b241-4740-b087-b903d5f8e832","20170727T04:09:21.978+0000","83ee4548-4e42-4b5f-845a-5f6ea3cc2a4a","656037a3-b241-4740-b087-b903d5f8e832","","","","","","","","","","","","","","",""
"","37372053","viridis","Chromis viridis (Cuvier, 1830)","POMACENTRIDAE","Chromis","","viridis","","Valid Name","","Species","","Cuvier","1830","N","faeac5d2-2db7-4afc-8afc-e17a14225483","20170529T06:33:11.270+0000","e851baa3-4f15-4d36-b0d4-cf2ca351d02c","20170727T04:09:21.978+0000","83ee4548-4e42-4b5f-845a-5f6ea3cc2a4a","e851baa3-4f15-4d36-b0d4-cf2ca351d02c","","","","","","","","","","","","","","",""
"","37372057","xanthura","Chromis xanthura (Bleeker, 1854)","POMACENTRIDAE","Chromis","","xanthura","","Valid Name","","Species","","Bleeker","1854","N","c52c03dc-b9fb-4823-a466-ffca1a492adc","20170529T07:27:13.150+0000","a8b72c10-6dfa-44d1-874a-2ea7ee99eb16","20170727T04:09:21.978+0000","83ee4548-4e42-4b5f-845a-5f6ea3cc2a4a","a8b72c10-6dfa-44d1-874a-2ea7ee99eb16","","","","","","","","","","","","","","",""
"","37372062","glauca","Chrysiptera glauca (Cuvier, 1830)","POMACENTRIDAE","Chrysiptera","","glauca","","Valid Name","","Species","","Cuvier","1830","N","1c18702b-9b52-4037-ab5d-38f5f5ccb8d5","20160218T04:49:47.996+0000","737d1e1e-b738-4f4e-bcef-cb0953666e22","20170727T04:09:21.978+0000","c130ea39-c1bf-4ac2-b5fd-2a2387f31832","737d1e1e-b738-4f4e-bcef-cb0953666e22","","","","","","","","","","","","","","",""
"","37372065","notialis","Chrysiptera notialis (Allen, 1975)","POMACENTRIDAE","Chrysiptera","","notialis","","Valid Name","","Species","","Allen","1975","N","a38c1399-7150-4692-83ec-d901a69995c5","20170518T06:20:14.368+0000","d0d347ad-fb7e-4fc6-82f1-2d63fb1f585e","20170727T04:09:21.978+0000","c130ea39-c1bf-4ac2-b5fd-2a2387f31832","d0d347ad-fb7e-4fc6-82f1-2d63fb1f585e","","","","","","","","","","","","","","",""
"","37372070","taupou","Chrysiptera taupou (Jordan & Seale, 1906)","POMACENTRIDAE","Chrysiptera","","taupou","","Valid Name","","Species","","Jordan & Seale","1906","N","68e5be08-89e2-4d35-8b2b-5ae803958d31","20170529T08:07:32.116+0000","e361ab9c-e5ea-49bd-b7c0-f4181e4bc564","20170727T04:09:21.978+0000","c130ea39-c1bf-4ac2-b5fd-2a2387f31832","e361ab9c-e5ea-49bd-b7c0-f4181e4bc564","","","","","","","","","","","","","","",""
"","37353001","auratus","Chrysophrys auratus (Forster, 1801)","SPARIDAE","Chrysophrys","","auratus","","Valid Name","","Species","","Forster","1801","N","e2060511-a7be-448d-b8fa-6ab9d2ff7c72","20140220T05:58:08.714+0000","c88d6c8a-4ba1-48e7-b789-aa7c64008021","20141217T21:37:29.190+0000","d45bcfbc-c630-462a-9302-6f869fd7d3c8","c88d6c8a-4ba1-48e7-b789-aa7c64008021","","","","","","","","","","","","","","",""
"","37384081","laboutei","Cirrhilabrus laboutei Randall & Lubbock, 1982","LABRIDAE","Cirrhilabrus","","laboutei","","Valid Name","","Species","","Randall & Lubbock","1982","Y","6f5463f6-55fa-47ee-99ee-f0d3e2fa419e","20170628T05:51:31.655+0000","87c1c12c-6d01-4139-8a27-446441628ee2","20170727T04:09:21.978+0000","57f3f09a-6439-45ba-aab1-d539d1e0bfa0","87c1c12c-6d01-4139-8a27-446441628ee2","","","","","","","","","","","","","","",""
"","37384083","punctatus","Cirrhilabrus punctatus Randall & Kuiter, 1989","LABRIDAE","Cirrhilabrus","","punctatus","","Valid Name","","Species","","Randall & Kuiter","1989","Y","c8691adf-939e-4d02-92d7-a1fd442e019f","20170607T07:07:16.973+0000","8f572f9a-ce4f-4e8f-bebd-ef15695bd975","20170727T04:09:21.978+0000","57f3f09a-6439-45ba-aab1-d539d1e0bfa0","8f572f9a-ce4f-4e8f-bebd-ef15695bd975","","","","","","","","","","","","","","",""
"","37374003","falco","Cirrhitichthys falco Randall, 1963","CIRRHITIDAE","Cirrhitichthys","","falco","","Valid Name","","Species","","Randall","1963","Y","c7587853-4996-406e-91ae-a3f15b9f0492","20131008T23:07:52.756+0000","81f79e73-7f97-45f5-9436-37982a513faf","20131008T23:07:52.756+0000","0f3b2454-3b92-4c53-b985-da77d27ce139","81f79e73-7f97-45f5-9436-37982a513faf","","","","","","","","","","","","","","",""
"","37408010","alboapicalis","Cirripectes alboapicalis (Ogilby, 1899)","BLENNIIDAE","Cirripectes","","alboapicalis","","Valid Name","","Species","","Ogilby","1899","N","66324863-1d0e-4b3f-b17c-7cc7ffb9dc0f","20131008T23:07:52.756+0000","1b6a2175-d3f2-40c9-8510-31a6f18f29d7","20131008T23:07:52.756+0000","c5e6375d-84c5-4756-a039-6511c5fad602","1b6a2175-d3f2-40c9-8510-31a6f18f29d7","","","","","","","","","","","","","","",""
"","37408011","castaneus","Cirripectes castaneus (Valenciennes, 1836)","BLENNIIDAE","Cirripectes","","castaneus","","Valid Name","","Species","","Valenciennes","1836","N","73eb1185-f044-4956-a0d0-c80ef1aefd88","20131008T23:07:52.756+0000","0d5e54d9-1bdb-4cb2-9c9c-d690f4899549","20131008T23:07:52.756+0000","c5e6375d-84c5-4756-a039-6511c5fad602","0d5e54d9-1bdb-4cb2-9c9c-d690f4899549","","","","","","","","","","","","","","",""
"","37408012","chelomatus","Cirripectes chelomatus Williams & Maugé, 1983","BLENNIIDAE","Cirripectes","","chelomatus","","Valid Name","","Species","","Williams & Maugé","1983","Y","077219be-d4b3-4c05-bdee-7039d82b6538","20131008T23:07:52.756+0000","b0e19fff-e18f-4a8b-906f-4a9e5e662876","20131008T23:07:52.756+0000","c5e6375d-84c5-4756-a039-6511c5fad602","b0e19fff-e18f-4a8b-906f-4a9e5e662876","","","","","","","","","","","","","","",""
"","37259001","gloriamaris","Cleidopus gloriamaris De Vis, 1882","MONOCENTRIDAE","Cleidopus","","gloriamaris","","Valid Name","","Species","","De Vis","1882","Y","b2b620be-dc51-4999-bf29-b3ee0de6fd6d","20151217T08:08:05.939+0000","f20e734c-fc32-4474-94dd-c2e3525f2d9f","20160606T05:15:12.352+0000","cd78a4e3-e97d-465d-96cb-cee6716b0976","f20e734c-fc32-4474-94dd-c2e3525f2d9f","","","","","","","","","","","","","","",""
"","37290021","altipinnis","Cocotropus altipinnis Waite, 1903","APLOACTINIDAE","Cocotropus","","altipinnis","","Valid Name","","Species","","Waite","1903","Y","0812dcf3-81fb-4e5d-b445-4998b00da507","20150310T04:49:44.382+0000","77e98870-db89-416f-a1dc-4ab6f1e9924b","20150505T21:35:04.768+0000","a5c02311-fbe3-4f5b-8138-7dc3ab19bf25","77e98870-db89-416f-a1dc-4ab6f1e9924b","","","","","","","","","","","","","","",""
"","37232042","acanthiger","Coelorinchus acanthiger Barnard, 1925","MACROURIDAE","Coelorinchus","","acanthiger","","Valid Name","","Species","","Barnard","1925","Y","ab997e21-5eab-47e6-bb6b-c427cb52a2da","20180411T22:50:16.904+0000","adc2fcb8-c3cf-440b-a4eb-2f57c760cc7b","20180731T05:42:43.637+0000","3d0a43aa-29bc-4ece-b8b1-677ea69015bd","adc2fcb8-c3cf-440b-a4eb-2f57c760cc7b","","","","","","","","","","","","","","",""
"","37232014","innotabilis","Coelorinchus innotabilis McCulloch, 1907","MACROURIDAE","Coelorinchus","","innotabilis","","Valid Name","","Species","","McCulloch","1907","Y","19e0cae5-ab6f-4767-a40b-5b2d680505e4","20180411T22:50:16.904+0000","52a4a917-29d1-45cb-86db-4d76aafb4302","20180731T05:42:43.637+0000","3d0a43aa-29bc-4ece-b8b1-677ea69015bd","52a4a917-29d1-45cb-86db-4d76aafb4302","","","","","","","","","","","","","","",""
"","37232045","maurofasciatus","Coelorinchus maurofasciatus McMillan & Paulin, 1993","MACROURIDAE","Coelorinchus","","maurofasciatus","","Valid Name","","Species","","McMillan & Paulin","1993","Y","6cbe034b-3ba9-4391-be97-2bc175f334c8","20180411T22:50:16.904+0000","1205fd5a-876b-4b1b-b4da-c19f0a0854f5","20180731T05:42:43.637+0000","3d0a43aa-29bc-4ece-b8b1-677ea69015bd","1205fd5a-876b-4b1b-b4da-c19f0a0854f5","","","","","","","","","","","","","","",""
"","37232112","mycterismus","Coelorinchus mycterismus McMillan & Paulin, 1993","MACROURIDAE","Coelorinchus","","mycterismus","","Valid Name","","Species","","McMillan & Paulin","1993","Y","874a2003-5201-4011-8404-8fad546fb596","20180411T22:50:16.904+0000","9dd4782c-1fa6-4b33-a1ae-2bbd108f8f78","20180731T05:42:43.637+0000","3d0a43aa-29bc-4ece-b8b1-677ea69015bd","9dd4782c-1fa6-4b33-a1ae-2bbd108f8f78","","","","","","","","","","","","","","",""
"","37232116","supernasutus","Coelorinchus supernasutus McMillan & Paulin, 1993","MACROURIDAE","Coelorinchus","","supernasutus","","Valid Name","","Species","","McMillan & Paulin","1993","Y","b849d469-99ae-4ec7-b0b7-721590102a62","20180411T22:50:16.904+0000","64ee47bc-2fa0-4f29-95c1-ba7ed073dad2","20180731T05:42:43.637+0000","3d0a43aa-29bc-4ece-b8b1-677ea69015bd","64ee47bc-2fa0-4f29-95c1-ba7ed073dad2","","","","","","","","","","","","","","",""
"","37232080","trachycarus","Coelorinchus trachycarus Iwamoto, McMillan & Shcherbachev, 1999","MACROURIDAE","Coelorinchus","","trachycarus","","Valid Name","","Species","","Iwamoto, McMillan & Shcherbachev","1999","Y","39ad1386-9ba7-47cf-9085-e8b54165027f","20180411T22:50:16.904+0000","70f45972-d049-41cb-847f-a6b2db5595ba","20180731T05:42:43.637+0000","3d0a43aa-29bc-4ece-b8b1-677ea69015bd","70f45972-d049-41cb-847f-a6b2db5595ba","","","","","","","","","","","","","","",""
"","37067015","cinereus","Conger cinereus Rüppell, 1830","CONGRIDAE","Conger","","cinereus","","Valid Name","","Species","","Rüppell","1830","Y","8af5d6d2-7eeb-443b-a1d0-376833ea5433","20180803T08:53:18.793+0000","4259fe01-997b-465c-b5b6-c48924232b03","20190305T04:57:36.559+0000","a3d40384-d99c-4f48-8e8b-38394d15ee8a","4259fe01-997b-465c-b5b6-c48924232b03","","","","","","","","","","","","","","",""
"","37067001","monganius","Conger monganius (Phillipps, 1932)","CONGRIDAE","Conger","","monganius","","Valid Name","","Species","","Phillipps","1932","N","7a673fe0-dabc-4ae8-82a9-e75cd28b0a43","20181001T07:13:00.031+0000","c2964e99-8970-49f7-a031-0794f5337d21","20190305T04:57:36.559+0000","a3d40384-d99c-4f48-8e8b-38394d15ee8a","c2964e99-8970-49f7-a031-0794f5337d21","","","","","","","","","","","","","","",""
"","37206023","samoensis","Conidens samoensis (Steindachner, 1906)","GOBIESOCIDAE","Conidens","","samoensis","","Valid Name","","Species","","Steindachner","1906","N","dbd05e2b-c211-40bb-b2e6-268cb88f7aba","20121114T00:40:22.395+0000","55e63ea4-559a-4dce-863e-cc2e9c7762bb","20190521T05:24:31.422+0000","dff4bd99-f836-4f3e-b36d-56c41f71a96e","55e63ea4-559a-4dce-863e-cc2e9c7762bb","","","","","","","","","","","","","","",""
"","37114033","kreffti","Conocara kreffti Sazonov, 1997","ALEPOCEPHALIDAE","Conocara","","kreffti","","Valid Name","","Species","","Sazonov","1997","Y","5ffa162e-d540-42b5-98c1-25c7d7bfbc75","20160523T00:06:44.378+0000","4a259ade-1171-4eca-a120-4648c5b87c99","20160606T05:32:28.811+0000","dc32d2e3-6c2f-4084-8feb-1357bf7de382","4a259ade-1171-4eca-a120-4648c5b87c99","","","","","","","","","","","","","","",""
"","37114037","paxtoni","Conocara paxtoni Sazonov & Williams, 2009","ALEPOCEPHALIDAE","Conocara","","paxtoni","","Valid Name","","Species","","Sazonov & Williams","2009","Y","f0f9b801-cf64-4bfb-aaa7-b2c231bff0d6","20160523T00:06:44.378+0000","9ee87af4-d232-4ab9-ae17-90d920d49b08","20160606T05:32:28.811+0000","dc32d2e3-6c2f-4084-8feb-1357bf7de382","9ee87af4-d232-4ab9-ae17-90d920d49b08","","","","","","","","","","","","","","",""
"","37326002","japonicus","Cookeolus japonicus (Cuvier, 1829)","PRIACANTHIDAE","Cookeolus","","japonicus","","Valid Name","","Species","","Cuvier","1829","N","8eae1b98-1e1f-40ac-82b9-bf305f036652","20121115T00:43:52.016+0000","4959b6a4-9288-43d5-bbf7-ab0a78e5d412","20121115T02:44:48.592+0000","098d216b-932e-427a-9277-902f543068dd","4959b6a4-9288-43d5-bbf7-ab0a78e5d412","","","","","","","","","","","","","","",""
"","37384090","aygula","Coris aygula Lacépède, 1801","LABRIDAE","Coris","","aygula","","Valid Name","","Species","","Lacépède","1801","Y","69d591d6-8523-4b38-aa43-61160adf212b","20170628T05:47:49.841+0000","712f41a7-1ef1-43dc-8fd6-c6e9a73c55ca","20170727T04:09:21.978+0000","468c3c5a-896b-4b45-a6c3-0968068230c5","712f41a7-1ef1-43dc-8fd6-c6e9a73c55ca","","","","","","","","","","","","","","",""
"","37384098","batuensis","Coris batuensis (Bleeker, 1857)","LABRIDAE","Coris","","batuensis","","Valid Name","","Species","","Bleeker","1857","N","2fa80598-969d-46d6-b4d2-67b7341a090b","20170609T09:45:38.513+0000","ac727f5c-6d05-40c1-aa52-3fe9b6560408","20170727T04:09:21.978+0000","468c3c5a-896b-4b45-a6c3-0968068230c5","ac727f5c-6d05-40c1-aa52-3fe9b6560408","","","","","","","","","","","","","","",""
"","37384091","bulbifrons","Coris bulbifrons Randall & Kuiter, 1982","LABRIDAE","Coris","","bulbifrons","","Valid Name","","Species","","Randall & Kuiter","1982","Y","5b61d4d8-ff1e-40af-aefa-37ffa2d00736","20170610T06:40:59.908+0000","a2a251a2-6557-4cae-bf40-749c81c3e9b5","20170727T04:09:21.978+0000","468c3c5a-896b-4b45-a6c3-0968068230c5","a2a251a2-6557-4cae-bf40-749c81c3e9b5","","","","","","","","","","","","","","",""
"","37384093","dorsomacula","Coris dorsomacula Fowler, 1908","LABRIDAE","Coris","","dorsomacula","","Valid Name","","Species","","Fowler","1908","Y","2ce3a0aa-4f72-4cce-bc85-90cd212fe8b7","20170610T05:15:16.380+0000","77eea2bc-0a24-46ff-acb1-53f43a03fa0b","20170727T04:09:21.978+0000","468c3c5a-896b-4b45-a6c3-0968068230c5","77eea2bc-0a24-46ff-acb1-53f43a03fa0b","","","","","","","","","","","","","","",""
"","37384094","gaimard","Coris gaimard (Quoy & Gaimard, 1824)","LABRIDAE","Coris","","gaimard","","Valid Name","","Species","","Quoy & Gaimard","1824","N","4457974c-0942-4fb1-9d57-79a770f4437f","20170628T05:44:16.431+0000","5eddfb29-63aa-41aa-902e-bb53982f0b23","20170727T04:09:21.978+0000","468c3c5a-896b-4b45-a6c3-0968068230c5","5eddfb29-63aa-41aa-902e-bb53982f0b23","","","","","","","","","","","","","","",""
"","37384095","picta","Coris picta (Bloch & Schneider, 1801)","LABRIDAE","Coris","","picta","","Valid Name","","Species","","Bloch & Schneider","1801","N","34e0d6b9-a788-4f00-b1ad-b46c596da031","20170610T06:39:22.130+0000","b9d3f1cc-916e-41d0-b013-231cb1da65e4","20170727T04:09:21.978+0000","468c3c5a-896b-4b45-a6c3-0968068230c5","b9d3f1cc-916e-41d0-b013-231cb1da65e4","","","","","","","","","","","","","","",""
"","37384096","pictoides","Coris pictoides Randall & Kuiter, 1982","LABRIDAE","Coris","","pictoides","","Valid Name","","Species","","Randall & Kuiter","1982","Y","fe735590-1f49-47ee-94f5-f2237e015844","20170610T06:31:37.977+0000","e92041d5-b2f4-436d-b8a5-c5eec6d12c49","20170727T04:09:21.978+0000","468c3c5a-896b-4b45-a6c3-0968068230c5","e92041d5-b2f4-436d-b8a5-c5eec6d12c49","","","","","","","","","","","","","","",""
"","37384097","sandeyeri","Coris sandeyeri (Hector, 1884)","LABRIDAE","Coris","","sandeyeri","","Valid Name","","Species","","Hector","1884","N","6d232127-27da-46c0-b25b-601b3411a6df","20170610T10:27:08.081+0000","b467af9d-6b0a-42e1-b1e0-50acc40ab7e4","20170727T04:09:21.978+0000","468c3c5a-896b-4b45-a6c3-0968068230c5","b467af9d-6b0a-42e1-b1e0-50acc40ab7e4","","","","","","","","","","","","","","",""
"","37338002","equiselis","Coryphaena equiselis Linnaeus, 1758","CORYPHAENIDAE","Coryphaena","","equiselis","","Valid Name","","Species","","Linnaeus","1758","Y","99d3eb0f-ef7e-443d-825a-3fe759c63fa0","20121109T05:21:56.697+0000","2b4cdfac-dace-4924-9ea5-79b576e3954d","20121109T05:33:47.860+0000","1c2e17be-9e5f-41b3-b2ef-9c86812570f4","2b4cdfac-dace-4924-9ea5-79b576e3954d","","","","","","","","","","","","","","",""
"","37338001","hippurus","Coryphaena hippurus Linnaeus, 1758","CORYPHAENIDAE","Coryphaena","","hippurus","","Valid Name","","Species","","Linnaeus","1758","Y","7a0494b4-6f09-41ff-b283-7e00c1f443e9","20121109T05:24:00.924+0000","3ef4e91c-5d4b-455a-822e-8c42be47aafe","20121109T05:33:47.860+0000","1c2e17be-9e5f-41b3-b2ef-9c86812570f4","3ef4e91c-5d4b-455a-822e-8c42be47aafe","","","","","","","","","","","","","","",""
"","37232125","fernandezianus","Coryphaenoides fernandezianus (Günther, 1887)","MACROURIDAE","Coryphaenoides","","fernandezianus","","Valid Name","","Species","","Günther","1887","N","99f50361-6552-477c-a2f3-6ceb952fb3cd","20180411T22:50:16.904+0000","2bf02a60-2199-4336-927a-33cd245755a1","20180731T05:42:43.637+0000","793d0538-e104-490c-a75d-a226f934da87","2bf02a60-2199-4336-927a-33cd245755a1","","","","","","","","","","","","","","",""
"","37232049","filicauda","Coryphaenoides filicauda Günther, 1878","MACROURIDAE","Coryphaenoides","","filicauda","","Valid Name","","Species","","Günther","1878","Y","62715b44-9351-43c1-84fa-15d6a9820180","20180512T08:43:34.924+0000","d8ea19bd-e0c9-48d6-89ca-6aa51d1e0ddc","20180731T05:42:43.637+0000","793d0538-e104-490c-a75d-a226f934da87","d8ea19bd-e0c9-48d6-89ca-6aa51d1e0ddc","","","","","","","","","","","","","","",""
"","37232019","rudis","Coryphaenoides rudis Günther, 1878","MACROURIDAE","Coryphaenoides","","rudis","","Valid Name","","Species","","Günther","1878","Y","8fee076b-04e9-4a0c-ad0d-5e7ce789a2ce","20180411T22:50:16.904+0000","fea93cab-2d2d-46ed-b5e8-8a00fd3867ea","20180731T05:42:43.637+0000","793d0538-e104-490c-a75d-a226f934da87","fea93cab-2d2d-46ed-b5e8-8a00fd3867ea","","","","","","","","","","","","","","",""
"","37232015","serrulatus","Coryphaenoides serrulatus Günther, 1878","MACROURIDAE","Coryphaenoides","","serrulatus","","Valid Name","","Species","","Günther","1878","Y","56d5a46a-a731-4e4e-a906-7fde0701f3b6","20180411T22:50:16.904+0000","e5e01f17-adf5-48f5-9843-f7dd296403f1","20180731T05:42:43.637+0000","793d0538-e104-490c-a75d-a226f934da87","e5e01f17-adf5-48f5-9843-f7dd296403f1","","","","","","","","","","","","","","",""
"","37232053","striaturus","Coryphaenoides striaturus Barnard, 1925","MACROURIDAE","Coryphaenoides","","striaturus","","Valid Name","","Species","","Barnard","1925","Y","8b1c44ae-bb2a-490b-8539-ed8700f866c2","20180509T06:47:30.305+0000","df606601-f14b-4e0b-84c7-b936f904baac","20180731T05:42:43.637+0000","793d0538-e104-490c-a75d-a226f934da87","df606601-f14b-4e0b-84c7-b936f904baac","","","","","","","","","","","","","","",""
"","37282055","howensis","Cosmocampus howensis (Whitley, 1948)","SYNGNATHIDAE","Cosmocampus","","howensis","","Valid Name","","Species","","Whitley","1948","N","b15266e9-2c94-45c2-927a-0d8e9d72d52e","20170501T13:50:31.946+0000","b1a3a90b-692d-410d-be6f-363ea1512088","20170727T04:24:54.431+0000","c5c1ef4d-4a7c-447a-b0c6-9230cb19eebb","b1a3a90b-692d-410d-be6f-363ea1512088","","","","","","","","","","","","","","",""
"","37381012","crenilabis","Crenimugil crenilabis (Forsskål, 1775)","MUGILIDAE","Crenimugil","","crenilabis","","Valid Name","","Species","","Forsskål","1775","N","de5481c9-d0a5-4eda-b39f-1de6ebc57df2","20140731T10:23:35.657+0000","60695d09-fc79-4285-a988-d18d2b3cab3b","20170531T00:56:50.278+0000","e49d0112-5cd5-4056-b625-d25d6b87e799","60695d09-fc79-4285-a988-d18d2b3cab3b","","","","","","","","","","","","","","",""
"","37416017","aurantiacus","Cristiceps aurantiacus Castelnau, 1879","CLINIDAE","Cristiceps","","aurantiacus","","Valid Name","","Species","","Castelnau","1879","Y","717721ca-b034-4843-82c7-a5cacb07594a","20131008T23:07:52.756+0000","0ac76f40-ec67-461a-aac7-2e68eb12f2e0","20140218T01:02:55.437+0000","7b27f44d-e376-4776-ac9d-1436d36dc83e","0ac76f40-ec67-461a-aac7-2e68eb12f2e0","","","","","","","","","","","","","","",""
"","37460058","howensis","Crossorhombus howensis Hensley & Randall, 1993","BOTHIDAE","Crossorhombus","","howensis","","Valid Name","","Species","","Hensley & Randall","1993","Y","b988d32d-8c7d-48d2-9777-f7cb74a0a817","20150611T03:05:30.248+0000","edf54edd-e64f-4167-bbdb-e015202f86e0","20150707T22:49:59.218+0000","dc39d992-c69f-4f81-8fa7-3b3c3d0ba276","edf54edd-e64f-4167-bbdb-e015202f86e0","","","","","","","","","","","","","","",""
"","37220001","couesii","Cryptopsaras couesii Gill, 1883","CERATIIDAE","Cryptopsaras","","couesii","","Valid Name","","Species","","Gill","1883","Y","31b15ca8-cc18-4c30-9d63-e01adf42ba36","20150501T08:26:51.954+0000","f2351397-8cf4-4094-8215-cb26f8ce1193","20150625T00:28:50.961+0000","3c5c83dd-4be2-4b8b-a8f5-153585096a0e","f2351397-8cf4-4094-8215-cb26f8ce1193","","","","","","","","","","","","","","",""
"","37446006","baxteri","Cubiceps baxteri McCulloch, 1923","NOMEIDAE","Cubiceps","","baxteri","","Valid Name","","Species","","McCulloch","1923","Y","dbbe7e8e-d5aa-4096-b0e5-fa745978d381","20131008T23:07:52.756+0000","9e7d647b-45aa-45f0-b74c-38e5e613f791","20131008T23:07:52.756+0000","442288aa-c41f-4c67-92b8-83f07d000756","9e7d647b-45aa-45f0-b74c-38e5e613f791","","","","","","","","","","","","","","",""
"","37446010","caeruleus","Cubiceps caeruleus Regan, 1914","NOMEIDAE","Cubiceps","","caeruleus","","Valid Name","","Species","","Regan","1914","Y","076b1a87-fc5b-4a01-ab56-2676e9e9eb0a","20131008T23:07:52.756+0000","ad32409b-3657-4a38-a869-9636739f2993","20131008T23:07:52.756+0000","442288aa-c41f-4c67-92b8-83f07d000756","ad32409b-3657-4a38-a869-9636739f2993","","","","","","","","","","","","","","",""
"","37469007","orbicularis","Cyclichthys orbicularis (Bloch, 1785)","DIODONTIDAE","Cyclichthys","","orbicularis","","Valid Name","","Species","","Bloch","1785","N","f0aa1bd9-4f5b-4ae9-8157-fd6f508562bf","20140428T04:53:16.496+0000","fc470365-03d4-43ff-b411-927dccff22b4","20140429T04:00:17.360+0000","1479ffdb-1ffa-42fe-9e16-d6c22066ef09","fc470365-03d4-43ff-b411-927dccff22b4","","","","","","","","","","","","","","",""
"","37384100","torquatus","Cymolutes torquatus (Valenciennes, 1840)","LABRIDAE","Cymolutes","","torquatus","","Valid Name","","Species","","Valenciennes","1840","N","1a89da8b-6d11-4cec-9580-c87ac19e5b47","20170610T10:16:59.974+0000","db69f19b-77c9-43fa-b19f-15d5a005b086","20170727T04:09:21.978+0000","d4a35715-db74-4746-a630-f848c56a26ac","db69f19b-77c9-43fa-b19f-15d5a005b086","","","","","","","","","","","","","","",""
"","37313013","purpurascens","Cypho purpurascens (De Vis, 1884)","PSEUDOCHROMIDAE","Cypho","","purpurascens","","Valid Name","","Species","","De Vis","1884","N","b76536b9-32b5-4f99-8c80-2423c2bdfe50","20120109T12:51:56.108+0000","269e03f9-cc31-457b-b36b-ecebc33b8706","20150715T23:34:28.505+0000","a6c25822-82b8-408b-8b7b-e5974a7bf3c0","269e03f9-cc31-457b-b36b-ecebc33b8706","","","","","","","","","","","","","","",""
"","37233026","naresii","Cypselurus naresii (Günther, 1889)","EXOCOETIDAE","Cypselurus","","naresii","","Valid Name","","Species","","Günther","1889","N","65eee6d5-7c89-4845-8330-04cb65999b70","20180317T04:17:35.674+0000","2b950dfd-14b8-4b2f-9e9e-71bae07f454c","20180329T02:08:16.158+0000","b33119c3-d72f-499a-a302-b35966776207","2b950dfd-14b8-4b2f-9e9e-71bae07f454c","","","","","","","","","","","","","","",""
"","37264001","traversi","Cyttus traversi Hutton, 1872","CYTTIDAE","Cyttus","","traversi","","Valid Name","","Species","","Hutton","1872","Y","643d047b-246e-4949-9392-5e6c3a9ff987","20130506T02:17:51.833+0000","2fdaf687-e728-46d0-9fcd-0ebd77f659d0","20130506T04:26:12.282+0000","31b7c36d-dd5f-488c-9f16-6161133ace9e","2fdaf687-e728-46d0-9fcd-0ebd77f659d0","","","","","","","","","","","","","","",""
"","37308004","orientalis","Dactyloptena orientalis (Cuvier, 1829)","DACTYLOPTERIDAE","Dactyloptena","","orientalis","","Valid Name","","Species","","Cuvier","1829","N","79d9f9fd-ed55-4e28-9911-7f9e6fe5c768","20150423T07:48:57.425+0000","5a256960-5dd4-43aa-b1de-a1bddf71057f","20150505T21:35:04.768+0000","154ef007-9c28-4116-a690-587cda364cc4","5a256960-5dd4-43aa-b1de-a1bddf71057f","","","","","","","","","","","","","","",""
"","37308001","papilio","Dactyloptena papilio Ogilby, 1910","DACTYLOPTERIDAE","Dactyloptena","","papilio","","Valid Name","","Species","","Ogilby","1910","Y","a73832f8-2fa8-468c-a913-30393bcd4aff","20150429T22:36:09.246+0000","b23e3707-ec22-4eb8-a643-a9bc74e711fa","20150505T21:35:04.768+0000","154ef007-9c28-4116-a690-587cda364cc4","b23e3707-ec22-4eb8-a643-a9bc74e711fa","","","","","","","","","","","","","","",""
"","37372073","aruanus","Dascyllus aruanus (Linnaeus, 1758)","POMACENTRIDAE","Dascyllus","","aruanus","","Valid Name","","Species","","Linnaeus","1758","N","e60b95fb-3e95-468b-8e75-ed3bb2594980","20170529T07:40:39.968+0000","005d5a15-49ef-4ad8-9622-1cf514ac5242","20170727T04:09:21.978+0000","f0727a8b-10bd-49b0-9c69-905edf495107","005d5a15-49ef-4ad8-9622-1cf514ac5242","","","","","","","","","","","","","","",""
"","37372074","reticulatus","Dascyllus reticulatus (Richardson, 1846)","POMACENTRIDAE","Dascyllus","","reticulatus","","Valid Name","","Species","","Richardson","1846","N","cf6e7dbf-6e89-4084-8a60-7ed5e76b3101","20170529T06:56:42.071+0000","22b9732b-cf85-41a9-80c8-8174135305f6","20170727T04:09:21.978+0000","f0727a8b-10bd-49b0-9c69-905edf495107","22b9732b-cf85-41a9-80c8-8174135305f6","","","","","","","","","","","","","","",""
"","37372075","trimaculatus","Dascyllus trimaculatus (Rüppell, 1829)","POMACENTRIDAE","Dascyllus","","trimaculatus","","Valid Name","","Species","","Rüppell","1829","N","4718c7ef-0a66-4134-ae6a-304509640ad8","20170529T07:44:37.185+0000","dd79652c-ac53-4909-8b91-c61c411a9706","20170727T04:09:21.978+0000","f0727a8b-10bd-49b0-9c69-905edf495107","dd79652c-ac53-4909-8b91-c61c411a9706","","","","","","","","","","","","","","",""
"","37337071","muroadsi","Decapterus muroadsi (Temminck & Schlegel, 1844)","CARANGIDAE","Decapterus","","muroadsi","","Valid Name","","Species","","Temminck & Schlegel","1844","N","af024553-1ed8-4778-b04e-c3f0a2573422","20120115T04:20:19.268+0000","ef31589d-f2ca-4c33-863f-8e1589bc1f4b","20121213T07:07:48.331+0000","2b719af9-6fe4-4119-aab9-413c55e7475f","ef31589d-f2ca-4c33-863f-8e1589bc1f4b","","","","","","","","","","","","","","",""
"","37287010","brachypterus","Dendrochirus brachypterus (Cuvier, 1829)","SCORPAENIDAE","Dendrochirus","","brachypterus","","Valid Name","","Species","","Cuvier","1829","N","24972845-d5b7-40b9-9a00-f46e5a455de9","20150221T03:25:15.558+0000","81aaaeef-55ff-4cf6-95ad-6757767fb7d1","20150505T21:35:04.768+0000","feb6bcf8-0e5a-48d4-a314-43a1b419b245","81aaaeef-55ff-4cf6-95ad-6757767fb7d1","","","","","","","","","","","","","","",""
"","37287026","zebra","Dendrochirus zebra (Cuvier, 1829)","SCORPAENIDAE","Dendrochirus","","zebra","","Valid Name","","Species","","Cuvier","1829","N","e6b310a7-6029-4dcc-b94d-fc421178fe09","20150221T03:24:31.842+0000","f626ac19-47af-446b-a9d4-682450e48ef4","20150505T21:35:04.768+0000","feb6bcf8-0e5a-48d4-a314-43a1b419b245","f626ac19-47af-446b-a9d4-682450e48ef4","","","","","","","","","","","","","","",""
"","37350003","pictum","Diagramma pictum (Thunberg, 1792)","HAEMULIDAE","Diagramma","","pictum","","Valid Name","","Species","","Thunberg","1792","N","80d9f3e1-d937-45db-b27a-1bf7060840c7","20150817T21:08:10.176+0000","d07a8714-7887-4674-8efd-16395620df84","20150907T21:37:10.605+0000","0bca6483-ac91-4eca-b898-2f3a086c3556","d07a8714-7887-4674-8efd-16395620df84","","","","","","","","","","","","","","",""
"","37228022","longifilis","Diancistrus longifilis Ogilby, 1899","BYTHITIDAE","Diancistrus","","longifilis","","Valid Name","","Species","","Ogilby","1899","Y","16c9d51d-0cda-4867-925d-ce5fe2bcf546","20150522T08:09:51.560+0000","63a583cd-ecd4-4f5e-a6fa-345afa1ebfc0","20150622T00:52:33.563+0000","cba6e1b1-e779-4304-bda2-6a9a4d9951e1","63a583cd-ecd4-4f5e-a6fa-345afa1ebfc0","","","","","","","","","","","","","","",""
"","37122001","danae","Diaphus danae Tåning, 1932","MYCTOPHIDAE","Diaphus","","danae","","Valid Name","","Species","","Tåning","1932","Y","86e90bc0-f15e-4c80-a867-16ad80e68e59","20081009T05:11:37.000+0000","e9654ae4-1e30-4cee-b434-2c3944c70f9b","20100727T00:07:22.682+0000","d7b24f86-31e4-4bfa-be24-124affa22173","e9654ae4-1e30-4cee-b434-2c3944c70f9b","","","","","","","","","","","","","","",""
"","37122034","fragilis","Diaphus fragilis Tåning, 1928","MYCTOPHIDAE","Diaphus","","fragilis","","Valid Name","","Species","","Tåning","1928","Y","b6712b0e-0261-40ea-aaf5-47a41038458d","20081009T05:11:37.000+0000","a4d27e8d-3c10-4754-9eb3-a18ae70cd8a2","20100727T00:07:22.682+0000","d7b24f86-31e4-4bfa-be24-124affa22173","a4d27e8d-3c10-4754-9eb3-a18ae70cd8a2","","","","","","","","","","","","","","",""
"","37122084","garmani","Diaphus garmani Gilbert, 1906","MYCTOPHIDAE","Diaphus","","garmani","","Valid Name","","Species","","Gilbert","1906","Y","f9f6c558-f731-4b73-a8c3-7592d648b1ba","20081009T05:11:37.000+0000","83830c8e-367c-439b-beae-19bfbf6a8685","20100727T00:07:22.682+0000","d7b24f86-31e4-4bfa-be24-124affa22173","83830c8e-367c-439b-beae-19bfbf6a8685","","","","","","","","","","","","","","",""
"","37122008","perspicillatus","Diaphus perspicillatus (Ogilby, 1898)","MYCTOPHIDAE","Diaphus","","perspicillatus","","Valid Name","","Species","","Ogilby","1898","N","faca9314-a2ec-4a4f-98fb-4a885d8fe984","20081009T05:11:37.000+0000","8c1e044e-3275-4c1a-8e1c-2b8a9a1a4585","20100727T00:07:22.682+0000","d7b24f86-31e4-4bfa-be24-124affa22173","8c1e044e-3275-4c1a-8e1c-2b8a9a1a4585","","","","","","","","","","","","","","",""
"","37070001","capensis","Diastobranchus capensis Barnard, 1923","SYNAPHOBRANCHIDAE","Diastobranchus","","capensis","","Valid Name","","Species","","Barnard","1923","Y","a07c4b00-c700-492a-8179-32cdf2996e99","20181001T10:46:13.753+0000","9891a521-f78f-46f8-b475-6579d59ada30","20190305T04:57:36.559+0000","831eb718-f85f-4cbc-a8b2-495e25345b60","9891a521-f78f-46f8-b475-6579d59ada30","","","","","","","","","","","","","","",""
"","37469005","holocanthus","Diodon holocanthus Linnaeus, 1758","DIODONTIDAE","Diodon","","holocanthus","","Valid Name","","Species","","Linnaeus","1758","Y","9f716e7e-f043-435c-ac7b-e7af77b11013","20140428T04:53:16.496+0000","34688fae-c6c1-4935-8058-ca3fc5271006","20140429T04:00:17.360+0000","d71a87a5-0d7c-4ba1-a7a7-036307101914","34688fae-c6c1-4935-8058-ca3fc5271006","","","","","","","","","","","","","","",""
"","37469015","hystrix","Diodon hystrix Linnaeus, 1758","DIODONTIDAE","Diodon","","hystrix","","Valid Name","","Species","","Linnaeus","1758","Y","26391d2d-bc4a-4b62-8f26-246d6f4a10cf","20140428T04:53:16.496+0000","03e96841-5fa9-44c4-a358-e371b0f145cd","20140429T04:00:17.360+0000","d71a87a5-0d7c-4ba1-a7a7-036307101914","03e96841-5fa9-44c4-a358-e371b0f145cd","","","","","","","","","","","","","","",""
"","37312002","bifasciatum","Diploprion bifasciatum Cuvier, 1828","SERRANIDAE","Diploprion","","bifasciatum","","Valid Name","","Species","","Cuvier","1828","Y","de1362c8-bd27-412f-bd97-c6ad5be56f22","20120108T07:12:02.921+0000","5a62d0d7-e881-4a2b-b4e6-a0e7cf7be7d9","20180601T06:02:12.387+0000","1b23fd26-4b5f-4e15-a721-b5bd4e8b96be","5a62d0d7-e881-4a2b-b4e6-a0e7cf7be7d9","","","","","","","","","","","","","","",""
"","37254001","parini","Diretmichthys parini (Post & Quéro, 1981)","DIRETMIDAE","Diretmichthys","","parini","","Valid Name","","Species","","Post & Quéro","1981","N","938364f2-1444-42d4-a709-1a716a00753a","20151217T07:58:59.973+0000","c195f5c7-0552-4198-8b80-db41eabe9b84","20160606T05:15:12.352+0000","8ce5d184-a7f2-4382-9501-a6dd194778a7","c195f5c7-0552-4198-8b80-db41eabe9b84","","","","","","","","","","","","","","",""
"","37254002","argenteus","Diretmus argenteus Johnson, 1864","DIRETMIDAE","Diretmus","","argenteus","","Valid Name","","Species","","Johnson","1864","Y","ae125210-daf9-4b97-871c-1cc8db91a32e","20151217T08:00:58.504+0000","598d3418-974a-42ac-930a-da6ac7f022d5","20160606T05:15:12.352+0000","a369c45c-7bcd-409c-bce1-6081c8c4890d","598d3418-974a-42ac-930a-da6ac7f022d5","","","","","","","","","","","","","","",""
"","37336001","naucrates","Echeneis naucrates Linnaeus, 1758","ECHENEIDAE","Echeneis","","naucrates","","Valid Name","","Species","","Linnaeus","1758","Y","9d2ec6a0-1718-4737-86be-5dce436ee814","20140218T03:29:39.540+0000","bc5397e4-0505-461c-8022-d2706695ac3b","20140218T03:29:39.540+0000","a2ae85d0-a2f4-4bff-8f0a-b1d2a66764e9","bc5397e4-0505-461c-8022-d2706695ac3b","","","","","","","","","","","","","","",""
"","37060023","nebulosa","Echidna nebulosa (Ahl, 1789)","MURAENIDAE","Echidna","","nebulosa","","Valid Name","","Species","","Ahl","1789","N","3ca78f0e-0b67-43d0-a346-a5e8aaea8f30","20181002T06:35:28.343+0000","1e01ee42-dadd-4759-aa94-ae7804ba3721","20190305T04:57:36.559+0000","f6e89228-8109-4d66-adc0-6668a0c29292","1e01ee42-dadd-4759-aa94-ae7804ba3721","","","","","","","","","","","","","","",""
"","37408023","fourmanoiri","Ecsenius fourmanoiri Springer, 1972","BLENNIIDAE","Ecsenius","","fourmanoiri","","Valid Name","","Species","","Springer","1972","Y","c25436af-4b01-48fb-81de-2ace6f731901","20131008T23:07:52.756+0000","a59c732c-4833-45ad-8539-119e97741e5b","20131008T23:07:52.756+0000","6f55f1b8-52b8-45f2-bf9d-241fb26a8b7f","a59c732c-4833-45ad-8539-119e97741e5b","","","","","","","","","","","","","","",""
"","37337029","bipinnulata","Elagatis bipinnulata (Quoy & Gaimard, 1825)","CARANGIDAE","Elagatis","","bipinnulata","","Valid Name","","Species","","Quoy & Gaimard","1825","N","867e3475-6e79-4aaf-951d-4124c52dae52","20120503T07:33:52.167+0000","34f80368-3970-4954-8e98-7a19c1d871ea","20121213T07:07:48.331+0000","43e6d005-920e-4cb1-9918-91c45096565e","34f80368-3970-4954-8e98-7a19c1d871ea","","","","","","","","","","","","","","",""
"","37060027","ramosa","Enchelycore ramosa (Griffin, 1926)","MURAENIDAE","Enchelycore","","ramosa","","Valid Name","","Species","","Griffin","1926","N","0a85df11-7d88-44cb-926a-0e9bfb99e9d6","20180818T06:02:54.481+0000","1309ad7a-f844-45b3-96de-d46aeb3a8fbf","20190305T04:57:36.559+0000","6bf7f626-1789-4532-bb66-24e2fd50bd24","1309ad7a-f844-45b3-96de-d46aeb3a8fbf","","","","","","","","","","","","","","",""
"","37408086","ater","Enchelyurus ater (Günther, 1877)","BLENNIIDAE","Enchelyurus","","ater","","Valid Name","","Species","","Günther","1877","N","7547d9f4-eed1-4cfc-a619-2b43d56d02a8","20131008T23:07:52.756+0000","16b88730-5b90-41ea-a013-fba29b77b3aa","20131008T23:07:52.756+0000","ba21a0b2-d417-4e26-ba9f-210758e52e42","16b88730-5b90-41ea-a013-fba29b77b3aa","","","","","","","","","","","","","","",""
"","37086001","australis","Engraulis australis (White, 1790)","ENGRAULIDAE","Engraulis","","australis","","Valid Name","","Species","","White","1790","N","304a9d10-d77f-40e6-ae23-0c3091b9d639","20081009T05:11:37.000+0000","dc3536ae-17ea-45f8-bdf5-a8d978243f57","20100726T23:56:15.118+0000","c7fc0bd0-0150-41a8-9b0c-eaa5a538695a","dc3536ae-17ea-45f8-bdf5-a8d978243f57","","","","","","","","","","","","","","",""
"","37415030","hemimelas","Enneapterygius hemimelas (Kner & Steindachner, 1867)","TRIPTERYGIIDAE","Enneapterygius","","hemimelas","","Valid Name","","Species","","Kner & Steindachner","1867","N","623fbb72-5d8a-4a1a-b259-c990de99eb8b","20131014T03:42:37.534+0000","fb4e0c7d-e2f8-4592-ac87-548b74c5ff9f","20131014T03:42:37.534+0000","92db696f-a2dc-410c-b000-736668411c0f","fb4e0c7d-e2f8-4592-ac87-548b74c5ff9f","","","","","","","","","","","","","","",""
"","37415040","howensis","Enneapterygius howensis Fricke, 1997","TRIPTERYGIIDAE","Enneapterygius","","howensis","","Valid Name","","Species","","Fricke","1997","Y","019da728-fa1c-473c-9cd0-b6f526a9637f","20110808T05:18:14.714+0000","3e1fcaa2-5fa6-4933-b295-5ce8c5bd353b","20131014T03:42:37.534+0000","92db696f-a2dc-410c-b000-736668411c0f","3e1fcaa2-5fa6-4933-b295-5ce8c5bd353b","","","","","","","","","","","","","","",""
"","37415032","rufopileus","Enneapterygius rufopileus (Waite, 1904)","TRIPTERYGIIDAE","Enneapterygius","","rufopileus","","Valid Name","","Species","","Waite","1904","N","0e0a1bef-d687-4baf-9b5c-8d17d82b4e16","20131014T03:42:37.534+0000","aeb2280b-dc3e-4a42-add7-90529322da0b","20131014T03:42:37.534+0000","92db696f-a2dc-410c-b000-736668411c0f","aeb2280b-dc3e-4a42-add7-90529322da0b","","","","","","","","","","","","","","",""
"","37408037","striatus","Entomacrodus striatus (Valenciennes, 1836)","BLENNIIDAE","Entomacrodus","","striatus","","Valid Name","","Species","","Valenciennes","1836","N","b69a5ca0-c54c-4075-949f-c8c5b8d3f0f4","20131008T23:07:52.756+0000","0d6577dd-9138-43f5-8aba-51a784e1ce42","20131008T23:07:52.756+0000","22d9c6c9-5388-4f40-a224-ae73b76439a6","0d6577dd-9138-43f5-8aba-51a784e1ce42","","","","","","","","","","","","","","",""
"","37327010","denticulatus","Epigonus denticulatus Dieuzeide, 1950","EPIGONIDAE","Epigonus","","denticulatus","","Valid Name","","Species","","Dieuzeide","1950","Y","e242bace-d058-4b5c-a383-b707e7a854e4","20150817T21:09:37.222+0000","c47cf369-e787-4485-9040-0b9dd39ef814","20150914T22:09:56.426+0000","85e2f04c-ab07-4b8c-8ab4-a9450b1c5ecb","c47cf369-e787-4485-9040-0b9dd39ef814","","","","","","","","","","","","","","",""
"","37327035","telescopus","Epigonus telescopus (Risso, 1810)","EPIGONIDAE","Epigonus","","telescopus","","Valid Name","","Species","","Risso","1810","N","984d0ee5-5e53-461d-861a-4f2105d81455","20150914T06:35:11.355+0000","3d381dce-ee5c-41bc-a33f-c7a7318fee15","20150914T22:09:56.426+0000","85e2f04c-ab07-4b8c-8ab4-a9450b1c5ecb","3d381dce-ee5c-41bc-a33f-c7a7318fee15","","","","","","","","","","","","","","",""
"","37311009","areolatus","Epinephelus areolatus (Forsskål, 1775)","SERRANIDAE","Epinephelus","","areolatus","","Valid Name","","Species","","Forsskål","1775","N","e6a4e8fc-4d6b-4dcf-a46d-ec64f8cce249","20121129T22:38:41.621+0000","125ecff6-0da6-41ae-bef1-e1146e2db9c1","20180601T06:02:12.387+0000","f25f29f5-a3d3-43c3-b236-355520692ceb","125ecff6-0da6-41ae-bef1-e1146e2db9c1","","","","","","","","","","","","","","",""
"","37311145","cyanopodus","Epinephelus cyanopodus (Richardson, 1846)","SERRANIDAE","Epinephelus","","cyanopodus","","Valid Name","","Species","","Richardson","1846","N","21e4b302-1ba0-4049-981b-f5d916a9457c","20120309T04:57:16.057+0000","97a639c6-2826-42d6-9a77-77cc22b17188","20180601T06:02:12.387+0000","f25f29f5-a3d3-43c3-b236-355520692ceb","97a639c6-2826-42d6-9a77-77cc22b17188","","","","","","","","","","","","","","",""
"","37311077","daemelii","Epinephelus daemelii (Günther, 1876)","SERRANIDAE","Epinephelus","","daemelii","","Valid Name","","Species","","Günther","1876","N","b994abcf-25a2-42f4-b771-1c27166231df","20130820T04:16:42.325+0000","3869e9ef-9c60-4994-a248-c846f02bf52a","20180601T06:02:12.387+0000","f25f29f5-a3d3-43c3-b236-355520692ceb","3869e9ef-9c60-4994-a248-c846f02bf52a","","","","","","","","","","","","","","",""
"","37311014","fasciatus","Epinephelus fasciatus (Forsskål, 1775)","SERRANIDAE","Epinephelus","","fasciatus","","Valid Name","","Species","","Forsskål","1775","N","c6f59811-fb71-4491-8e8e-ca00777e0acb","20120309T05:27:16.361+0000","15eaedff-e6ed-4022-9816-b0c9acf799b4","20180601T06:02:12.387+0000","f25f29f5-a3d3-43c3-b236-355520692ceb","15eaedff-e6ed-4022-9816-b0c9acf799b4","","","","","","","","","","","","","","",""
"","37311021","fuscoguttatus","Epinephelus fuscoguttatus (Forsskål, 1775)","SERRANIDAE","Epinephelus","","fuscoguttatus","","Valid Name","","Species","","Forsskål","1775","N","1453c567-0ccd-4dcc-96f8-b49fa37651d3","20120309T05:34:05.578+0000","76d248a7-1614-4d1c-8aed-6833bf77482e","20180601T06:02:12.387+0000","f25f29f5-a3d3-43c3-b236-355520692ceb","76d248a7-1614-4d1c-8aed-6833bf77482e","","","","","","","","","","","","","","",""
"","37311061","lanceolatus","Epinephelus lanceolatus (Bloch, 1790)","SERRANIDAE","Epinephelus","","lanceolatus","","Valid Name","","Species","","Bloch","1790","N","9d795336-363c-4be5-be78-507ff3f4ca06","20121130T04:22:24.150+0000","328d9f98-c713-48a3-8ccc-9b7f862b9312","20180601T06:02:12.387+0000","f25f29f5-a3d3-43c3-b236-355520692ceb","328d9f98-c713-48a3-8ccc-9b7f862b9312","","","","","","","","","","","","","","",""
"","37311011","maculatus","Epinephelus maculatus (Bloch, 1790)","SERRANIDAE","Epinephelus","","maculatus","","Valid Name","","Species","","Bloch","1790","N","1cc138cb-040b-4637-95ec-c7f0014f9a84","20120309T06:11:54.112+0000","cfac8107-451b-45ab-bb85-3f0760127620","20180601T06:02:12.387+0000","f25f29f5-a3d3-43c3-b236-355520692ceb","cfac8107-451b-45ab-bb85-3f0760127620","","","","","","","","","","","","","","",""
"","37311063","merra","Epinephelus merra Bloch, 1793","SERRANIDAE","Epinephelus","","merra","","Valid Name","","Species","","Bloch","1793","Y","a8e7bd0f-d88b-474b-b718-57dae4fa9436","20120309T06:19:55.783+0000","49be8a59-31fb-4629-a3be-54f2116571e5","20180601T06:02:12.387+0000","f25f29f5-a3d3-43c3-b236-355520692ceb","49be8a59-31fb-4629-a3be-54f2116571e5","","","","","","","","","","","","","","",""
"","37311047","polyphekadion","Epinephelus polyphekadion (Bleeker, 1849)","SERRANIDAE","Epinephelus","","polyphekadion","","Valid Name","","Species","","Bleeker","1849","N","713f26e7-d91c-4f98-80f3-487826e834f8","20120309T08:10:42.328+0000","ace2fdde-7aa6-4193-b638-5008fda593d5","20180601T06:02:12.387+0000","f25f29f5-a3d3-43c3-b236-355520692ceb","ace2fdde-7aa6-4193-b638-5008fda593d5","","","","","","","","","","","","","","",""
"","37311040","quoyanus","Epinephelus quoyanus (Valenciennes, 1830)","SERRANIDAE","Epinephelus","","quoyanus","","Valid Name","","Species","","Valenciennes","1830","N","f7e593b1-04e3-457c-bd29-962c659c97d5","20120309T10:04:44.141+0000","4faa1bb6-defb-4c91-99c6-36e39f3a1f18","20180601T06:02:12.387+0000","f25f29f5-a3d3-43c3-b236-355520692ceb","4faa1bb6-defb-4c91-99c6-36e39f3a1f18","","","","","","","","","","","","","","",""
"","37311022","rivulatus","Epinephelus rivulatus (Valenciennes, 1830)","SERRANIDAE","Epinephelus","","rivulatus","","Valid Name","","Species","","Valenciennes","1830","N","1ad36ce6-b485-4cf1-9ba3-b8e1bcdc7f6b","20120309T10:42:31.119+0000","2c2b34a2-a8fe-430d-a61f-a71448a41c9a","20180601T06:02:12.387+0000","f25f29f5-a3d3-43c3-b236-355520692ceb","2c2b34a2-a8fe-430d-a61f-a71448a41c9a","","","","","","","","","","","","","","",""
"","37311057","tauvina","Epinephelus tauvina (Forsskål, 1775)","SERRANIDAE","Epinephelus","","tauvina","","Valid Name","","Species","","Forsskål","1775","N","0b76ca13-cc23-40f8-a2ae-704a348116e3","20121130T04:45:27.867+0000","b07b9d98-bd12-435b-a93b-33a558a12cd3","20180601T06:02:12.387+0000","f25f29f5-a3d3-43c3-b236-355520692ceb","b07b9d98-bd12-435b-a93b-33a558a12cd3","","","","","","","","","","","","","","",""
"","37346014","carbunculus","Etelis carbunculus Cuvier, 1828","LUTJANIDAE","Etelis","","carbunculus","","Valid Name","","Species","","Cuvier","1828","Y","f46d9d2a-fb61-47f0-bc99-dc37bc2c4955","20131008T23:07:52.756+0000","1444a9e9-27ae-4519-89f5-c53101b960d4","20131008T23:07:52.756+0000","e11913ed-7a92-4f47-948b-6d2c6fc1e189","1444a9e9-27ae-4519-89f5-c53101b960d4","","","","","","","","","","","","","","",""
"","37020005","lucifer","Etmopterus lucifer Jordan & Snyder, 1902","ETMOPTERIDAE","Etmopterus","","lucifer","","Valid Name","","Species","","Jordan & Snyder","1902","Y","55aa105c-7c93-4bc5-acb2-9ba7385013e5","20110603T13:53:08.849+0000","38c70ea1-2b10-4e34-8a37-9547b8b2df4b","20120416T05:24:25.862+0000","424df03e-a5dd-4038-b685-e1cec8502bcd","38c70ea1-2b10-4e34-8a37-9547b8b2df4b","","","","","","","","","","","","","","",""
"","37234015","viridis","Euleptorhamphus viridis (Hasselt, 1823)","HEMIRAMPHIDAE","Euleptorhamphus","","viridis","","Valid Name","","Species","","Hasselt","1823","N","38fbdc1b-264d-4a84-946a-3b647b2c6c1b","20170620T06:46:58.122+0000","5a50b4b1-da8f-4a26-ab4a-56e545d6e9a1","20180329T02:08:16.158+0000","ec1fcb3f-049c-4101-b9da-5f4ca6f6c008","5a50b4b1-da8f-4a26-ab4a-56e545d6e9a1","","","","","","","","","","","","","","",""
"","37309001","draconis","Eurypegasus draconis (Linnaeus, 1766)","PEGASIDAE","Eurypegasus","","draconis","","Valid Name","","Species","","Linnaeus","1766","N","a6117de6-55b6-4fee-9646-d315ebdef25e","20170322T04:27:42.577+0000","194d53b7-21d0-43d3-a79b-c3be904e8006","20170727T04:24:54.431+0000","a8dd339a-a3a6-41ae-9e3f-48124b4451bb","194d53b7-21d0-43d3-a79b-c3be904e8006","","","","","","","","","","","","","","",""
"","37079001","pelecanoides","Eurypharynx pelecanoides Vaillant, 1882","EURYPHARYNGIDAE","Eurypharynx","","pelecanoides","","Valid Name","","Species","","Vaillant","1882","Y","ed7fba56-ea59-4a6a-bf06-3f90716b42f2","20180815T09:26:30.252+0000","bebd79b6-d52b-49a3-b49d-3152db72a054","20190305T04:57:36.559+0000","eb874e09-a01e-4aa0-87cb-87e5e35b4cc8","bebd79b6-d52b-49a3-b49d-3152db72a054","","","","","","","","","","","","","","",""
"","37441010","affinis","Euthynnus affinis (Cantor, 1850)","SCOMBRIDAE","Euthynnus","","affinis","","Valid Name","","Species","","Cantor","1850","N","50a17717-cb75-4acb-ae8d-016df727a464","20131008T23:07:52.756+0000","a24a29f3-a68b-49d0-a1c8-babfc0b2042b","20131008T23:07:52.756+0000","6520f7e7-9865-4eb1-8976-3b1b37576144","a24a29f3-a68b-49d0-a1c8-babfc0b2042b","","","","","","","","","","","","","","",""
"","37130002","balbo","Evermannella balbo (Risso, 1820)","EVERMANNELLIDAE","Evermannella","","balbo","","Valid Name","","Species","","Risso","1820","N","fe87cd60-62ba-4a45-8d88-3ceeeb98d487","20160713T06:46:19.115+0000","a8636be1-badc-4e5a-a909-8b0c2a88d09e","20161222T00:27:39.419+0000","85cab019-45d9-4bfd-9db3-f5ff797a0ed1","a8636be1-badc-4e5a-a909-8b0c2a88d09e","","","","","","","","","","","","","","",""
"","37428120","fasciola","Eviota fasciola Karnella & Lachner, 1981","GOBIIDAE","Eviota","","fasciola","","Valid Name","","Species","","Karnella & Lachner","1981","Y","ac441b60-0a54-4033-82b4-8519bdc8fea6","20170805T05:26:45.402+0000","d076c15e-c686-4918-b4dd-8c365ed1b808","20181203T23:02:24.999+0000","b567198d-24e8-431a-8ef1-18d18bdc5830","d076c15e-c686-4918-b4dd-8c365ed1b808","","","","","","","","","","","","","","",""
"","37428115","guttata","Eviota guttata Lachner & Karnella, 1978","GOBIIDAE","Eviota","","guttata","","Valid Name","","Species","","Lachner & Karnella","1978","Y","5abf1421-7047-4190-bd37-2050964150ee","20181007T07:01:24.622+0000","289ed62a-1200-4e84-ac20-66334c174e8c","20181203T23:02:24.999+0000","b567198d-24e8-431a-8ef1-18d18bdc5830","289ed62a-1200-4e84-ac20-66334c174e8c","","","","","","","","","","","","","","",""
"","37428388","hoesei","Eviota hoesei Gill & Jewett, 2004","GOBIIDAE","Eviota","","hoesei","","Valid Name","","Species","","Gill & Jewett","2004","Y","3ac2eb59-7366-4e76-b37c-8fe64cc185d2","20170806T05:24:37.254+0000","6d47c5c4-cb03-4801-b64e-a6366a0b2aec","20181203T23:02:24.999+0000","b567198d-24e8-431a-8ef1-18d18bdc5830","6d47c5c4-cb03-4801-b64e-a6366a0b2aec","","","","","","","","","","","","","","",""
"","37428122","infulata","Eviota infulata (Smith, 1957)","GOBIIDAE","Eviota","","infulata","","Valid Name","","Species","","Smith","1957","N","bd7a3e0c-c735-4871-b584-b89bc5478f13","20170818T06:16:33.711+0000","a0e0a376-36fc-4e76-b033-9a80eafacbf5","20181203T23:02:24.999+0000","b567198d-24e8-431a-8ef1-18d18bdc5830","a0e0a376-36fc-4e76-b033-9a80eafacbf5","","","","","","","","","","","","","","",""
"","37428129","prasina","Eviota prasina (Klunzinger, 1871)","GOBIIDAE","Eviota","","prasina","","Valid Name","","Species","","Klunzinger","1871","N","ae384871-0e60-4efc-8dcf-29b7b62b21d8","20170817T07:16:05.510+0000","8b37c3e4-c535-4781-aa06-ec5672122e8b","20181203T23:02:24.999+0000","b567198d-24e8-431a-8ef1-18d18bdc5830","8b37c3e4-c535-4781-aa06-ec5672122e8b","","","","","","","","","","","","","","",""
"","37428389","readerae","Eviota readerae Gill & Jewett, 2004","GOBIIDAE","Eviota","","readerae","","Valid Name","","Species","","Gill & Jewett","2004","Y","1e7cf9d3-ee99-4cf2-8a12-c2c12fa6df44","20170814T09:32:40.430+0000","a8a35afc-c967-42a6-aaae-78c0bf102289","20181203T23:02:24.999+0000","b567198d-24e8-431a-8ef1-18d18bdc5830","a8a35afc-c967-42a6-aaae-78c0bf102289","","","","","","","","","","","","","","",""
"","37428137","zebrina","Eviota zebrina Lachner & Karnella, 1978","GOBIIDAE","Eviota","","zebrina","","Valid Name","","Species","","Lachner & Karnella","1978","Y","7f7f739e-950f-439c-89bc-3f3713276935","20170817T07:32:50.163+0000","db5bd969-38a5-40c5-966d-2ea5722970c0","20181203T23:02:24.999+0000","b567198d-24e8-431a-8ef1-18d18bdc5830","db5bd969-38a5-40c5-966d-2ea5722970c0","","","","","","","","","","","","","","",""
"","37367011","acutirostris","Evistias acutirostris (Temminck & Schlegel, 1844)","PENTACEROTIDAE","Evistias","","acutirostris","","Valid Name","","Species","","Temminck & Schlegel","1844","N","a87028a1-10d7-404c-b35a-887f26a05ab0","20131008T23:07:52.756+0000","7a77f836-68a5-4609-8e4f-c9dbe704b1a0","20140211T23:25:58.471+0000","8116f73d-e810-497e-84be-3a25f96014bf","7a77f836-68a5-4609-8e4f-c9dbe704b1a0","","","","","","","","","","","","","","",""
"","37233011","monocirrhus","Exocoetus monocirrhus Richardson, 1846","EXOCOETIDAE","Exocoetus","","monocirrhus","","Valid Name","","Species","","Richardson","1846","Y","43107768-6a4e-41e9-8060-4462a77c48d8","20180319T04:19:46.002+0000","a1653ca1-7a42-4761-a9f8-379c7ad402b7","20180329T02:08:16.158+0000","dea9ceac-3a38-4921-a6a1-a801496e9851","a1653ca1-7a42-4761-a9f8-379c7ad402b7","","","","","","","","","","","","","","",""
"","37428329","lentiginosus","Favonigobius lentiginosus (Richardson, 1844)","GOBIIDAE","Favonigobius","","lentiginosus","","Valid Name","","Species","","Richardson","1844","N","f606f52c-f183-4f12-b62a-9a32be5dba40","20170816T07:27:24.872+0000","09483df8-1af5-4611-87e2-8cb6b5662e68","20181203T23:02:24.999+0000","4ea97cd2-3dd7-45cc-acef-d16c114842bb","09483df8-1af5-4611-87e2-8cb6b5662e68","","","","","","","","","","","","","","",""
"","37278001","commersonii","Fistularia commersonii Rüppell, 1838","FISTULARIIDAE","Fistularia","","commersonii","","Valid Name","","Species","","Rüppell","1838","Y","f70e8607-9eb7-44e2-83df-2807b2b9bb32","20170501T02:14:49.343+0000","84ea379f-7351-4c99-92f8-b154d6d358c8","20170727T04:24:54.431+0000","57a6db64-cc49-4431-9cf2-7ed0eed85107","84ea379f-7351-4c99-92f8-b154d6d358c8","","","","","","","","","","","","","","",""
"","37278002","petimba","Fistularia petimba Lacépède, 1803","FISTULARIIDAE","Fistularia","","petimba","","Valid Name","","Species","","Lacépède","1803","Y","d92a8363-1d28-48d6-b5c5-a871e5661226","20170501T02:15:18.813+0000","65e6c731-deed-4c66-ad39-395515356efc","20170727T04:24:54.431+0000","57a6db64-cc49-4431-9cf2-7ed0eed85107","65e6c731-deed-4c66-ad39-395515356efc","","","","","","","","","","","","","","",""
"","37365068","flavissimus","Forcipiger flavissimus Jordan & McGregor, 1898","CHAETODONTIDAE","Forcipiger","","flavissimus","","Valid Name","","Species","","Jordan & McGregor","1898","Y","6c8af7da-feb7-4965-96d8-3e270aa180d4","20131008T23:07:52.756+0000","0ad0ae97-5a36-44e9-a680-b62ee074d758","20140319T04:00:16.714+0000","6ea11895-623a-4fc0-9568-23a750c0a30a","0ad0ae97-5a36-44e9-a680-b62ee074d758","","","","","","","","","","","","","","",""
"","37327098","aurita","Fowleria aurita (Valenciennes, 1831)","APOGONIDAE","Fowleria","","aurita","","Valid Name","","Species","","Valenciennes","1831","N","afab0d9c-79ce-4269-999b-07cf0ec285f8","20140806T01:08:46.507+0000","78f2a093-fcfb-406d-a4fe-a4855b72e59d","20150222T20:47:51.319+0000","55a5d6a8-13c4-4b6e-a0f0-2deb73d2a339","78f2a093-fcfb-406d-a4fe-a4855b72e59d","","","","","","","","","","","","","","",""
"","37327099","marmorata","Fowleria marmorata (Alleyne & Macleay, 1877)","APOGONIDAE","Fowleria","","marmorata","","Valid Name","","Species","","Alleyne & Macleay","1877","N","c42332fa-4b8d-41e5-9bbf-858ac8d881b6","20140806T01:08:46.507+0000","d17f8327-3bf7-447d-a681-2ab5f949a5cb","20150222T20:47:51.319+0000","55a5d6a8-13c4-4b6e-a0f0-2deb73d2a339","d17f8327-3bf7-447d-a681-2ab5f949a5cb","","","","","","","","","","","","","","",""
"","37428145","duospilus","Fusigobius duospilus Hoese & Reader, 1985","GOBIIDAE","Fusigobius","","duospilus","","Valid Name","","Species","","Hoese & Reader","1985","Y","e46df61b-ceee-4a37-a39d-5b9cc4ebce5e","20170817T07:01:44.182+0000","9f03de44-1bbc-4cb4-ab19-eb56af393c77","20181203T23:02:24.999+0000","eea01755-9cb8-42bf-8f6f-8007a44e0448","9f03de44-1bbc-4cb4-ab19-eb56af393c77","","","","","","","","","","","","","","",""
"","37428146","neophytus","Fusigobius neophytus (Günther, 1877)","GOBIIDAE","Fusigobius","","neophytus","","Valid Name","","Species","","Günther","1877","N","3715f587-acbe-4b21-b434-49f6cabcf094","20170818T08:29:12.570+0000","6e65cb88-f54b-49a2-9e7d-8a02af367990","20181203T23:02:24.999+0000","eea01755-9cb8-42bf-8f6f-8007a44e0448","6e65cb88-f54b-49a2-9e7d-8a02af367990","","","","","","","","","","","","","","",""
"","37224020","jordani","Gadella jordani (Böhlke & Mead, 1951)","MORIDAE","Gadella","","jordani","","Valid Name","","Species","","Böhlke & Mead","1951","N","d5632684-0d17-46f8-aa99-ca049c65ab79","20151028T04:07:20.310+0000","6ea8c9f2-a731-48b2-8df3-9fc145ab00ae","20151125T23:15:40.328+0000","030db10e-9d25-40c7-be45-560732c6bd44","6ea8c9f2-a731-48b2-8df3-9fc145ab00ae","","","","","","","","","","","","","","",""
"","37224028","macrura","Gadella macrura Sazonov & Shcherbachev, 2000","MORIDAE","Gadella","","macrura","","Valid Name","","Species","","Sazonov & Shcherbachev","2000","Y","4a732964-dbfc-4f70-bbe5-7f4c62aab9e6","20151027T23:03:20.960+0000","97b418e8-217a-4cf7-892a-2bfec2226ef0","20151125T23:15:40.328+0000","030db10e-9d25-40c7-be45-560732c6bd44","97b418e8-217a-4cf7-892a-2bfec2226ef0","","","","","","","","","","","","","","",""
"","37232119","aoteanus","Gadomus aoteanus McCann & McKnight, 1980","BATHYGADIDAE","Gadomus","","aoteanus","","Valid Name","","Species","","McCann & McKnight","1980","Y","3638dc58-7323-42d2-9b98-e5daff3d8105","20151111T12:34:20.390+0000","4bfd827b-275a-4acd-ba7d-3adbe6fd6c9d","20151125T23:15:40.328+0000","4fbccad9-8166-4404-a94d-7dcf0dbb95e0","4bfd827b-275a-4acd-ba7d-3adbe6fd6c9d","","","","","","","","","","","","","","",""
"","37102006","maculatus","Galaxias maculatus (Jenyns, 1842)","GALAXIIDAE","Galaxias","","maculatus","","Valid Name","","Species","","Jenyns","1842","N","a7c71fb0-97bb-4844-8b00-7784c4902fb3","20160524T09:35:46.859+0000","1c66f00b-bd30-4b5e-a4f3-25907fec79f5","20160606T05:32:28.811+0000","cf9d20e7-5234-4ff3-94a2-23802357365f","1c66f00b-bd30-4b5e-a4f3-25907fec79f5","","","","","","","","","","","","","","",""
"","37018022","cuvier","Galeocerdo cuvier (Péron & Lesueur, 1822)","CARCHARHINIDAE","Galeocerdo","","cuvier","","Valid Name","","Species","","Péron & Lesueur","1822","N","8f541d63-36a0-4a33-9b54-dd9ee5a6c548","20140313T03:41:28.159+0000","c2379c79-125e-417d-9392-f5d93b26b223","20140313T03:41:28.159+0000","b544dd62-c519-4d61-8c5b-48038685d5ee","c2379c79-125e-417d-9392-f5d93b26b223","","","","","","","","","","","","","","",""
"","37017008","galeus","Galeorhinus galeus (Linnaeus, 1758)","TRIAKIDAE","Galeorhinus","","galeus","","Valid Name","","Species","","Linnaeus","1758","N","7df0712e-1a80-481d-96ac-9541502131a5","20140313T03:41:28.159+0000","b7bd8014-7231-4782-90a8-c62ea495536b","20140313T03:41:28.159+0000","08225dba-7dda-4a01-9e35-a72ae7f01ff5","b7bd8014-7231-4782-90a8-c62ea495536b","","","","","","","","","","","","","","",""
"","37439010","serpens","Gempylus serpens Cuvier, 1829","GEMPYLIDAE","Gempylus","","serpens","","Valid Name","","Species","","Cuvier","1829","Y","5bc0d3c1-a330-48ae-9214-3d5e95103de3","20131008T23:07:52.756+0000","ba2193ae-e41b-446d-880d-01f89e53ef1a","20131008T23:07:52.756+0000","861dfefc-c495-42c0-ba0d-1e713bdd0cec","ba2193ae-e41b-446d-880d-01f89e53ef1a","","","","","","","","","","","","","","",""
"","37365072","semicinctus","Genicanthus semicinctus Waite, 1900","POMACANTHIDAE","Genicanthus","","semicinctus","","Valid Name","","Species","","Waite","1900","Y","8a996e17-a71f-4808-9d45-68d645bfab30","20131008T23:07:52.756+0000","d2eea27d-0f4e-4cc1-b905-16b6b7dc5b9d","20131008T23:07:52.756+0000","7935014c-26c7-43bd-8012-330f7d6c0a07","d2eea27d-0f4e-4cc1-b905-16b6b7dc5b9d","","","","","","","","","","","","","","",""
"","37361016","cyanea","Girella cyanea Macleay, 1881","GIRELLIDAE","Girella","","cyanea","","Valid Name","","Species","","Macleay","1881","Y","19ed2981-785a-44f9-9ec2-117fcdf3edda","20131008T23:07:52.756+0000","e2b0f6c3-af8d-4600-96d9-931ce0157a77","20131008T23:07:52.756+0000","e9d7126c-0718-4b2e-bf49-54802b1229ae","e2b0f6c3-af8d-4600-96d9-931ce0157a77","","","","","","","","","","","","","","",""
"","37361006","elevata","Girella elevata Macleay, 1881","GIRELLIDAE","Girella","","elevata","","Valid Name","","Species","","Macleay","1881","Y","a374fdd7-553b-49a6-9ab9-ca0b1fb89013","20131008T23:07:52.756+0000","42724fa1-cca3-4f2e-a725-7b2d1831fd39","20131008T23:07:52.756+0000","e9d7126c-0718-4b2e-bf49-54802b1229ae","42724fa1-cca3-4f2e-a725-7b2d1831fd39","","","","","","","","","","","","","","",""
"","37428393","cauerensis","Gnatholepis cauerensis (Bleeker, 1853)","GOBIIDAE","Gnatholepis","","cauerensis","","Valid Name","","Species","","Bleeker","1853","N","b91288df-dcb5-4f31-b336-dce0bd66a419","20170819T06:38:48.528+0000","cf88e70f-4970-4a57-bd85-e6c5d7f5746b","20181203T23:02:24.999+0000","6337f6d7-46fe-4a85-9cd1-a22fdf49f8b7","cf88e70f-4970-4a57-bd85-e6c5d7f5746b","","","","","","","","","","","","","","",""
"","37067029","castlei","Gnathophis castlei Karmovskaya & Paxton, 2000","CONGRIDAE","Gnathophis","","castlei","","Valid Name","","Species","","Karmovskaya & Paxton","2000","Y","c93826fe-408f-4132-92ae-55e2dd41b5e2","20180803T10:06:32.521+0000","e6fa6402-6fe4-4896-8244-419706da8420","20190305T04:57:36.559+0000","13d9063f-02fe-4817-bca6-854ece756927","e6fa6402-6fe4-4896-8244-419706da8420","","","","","","","","","","","","","","",""
"","37428158","citrinus","Gobiodon citrinus (Rüppell, 1838)","GOBIIDAE","Gobiodon","","citrinus","","Valid Name","","Species","","Rüppell","1838","N","91d98cf8-9c89-4a02-b699-9292812c5371","20180703T06:12:19.098+0000","ae38543a-8cbf-4f0f-9a43-e04eb8cc532a","20181203T23:02:24.999+0000","cf7ac41a-0b89-4bc7-bcee-fdf8243794cc","ae38543a-8cbf-4f0f-9a43-e04eb8cc532a","","","","","","","","","","","","","","",""
"","37428162","okinawae","Gobiodon okinawae Sawada, Arai & Abe, 1972","GOBIIDAE","Gobiodon","","okinawae","","Valid Name","","Species","","Sawada, Arai & Abe","1972","Y","7d87554a-e5d1-404c-a7bb-6fa0dc2348b5","20180703T06:11:03.562+0000","482f0dda-9482-494e-95cf-e3a97bb88a61","20181203T23:02:24.999+0000","cf7ac41a-0b89-4bc7-bcee-fdf8243794cc","482f0dda-9482-494e-95cf-e3a97bb88a61","","","","","","","","","","","","","","",""
"","37384106","varius","Gomphosus varius Lacépède, 1801","LABRIDAE","Gomphosus","","varius","","Valid Name","","Species","","Lacépède","1801","Y","306aef89-0fc7-4a9a-88f1-c453d5d19f67","20170628T05:28:45.173+0000","deb8daf7-6648-4c42-8a90-33756b644308","20170727T04:09:21.978+0000","53e14da9-449c-4d0a-9d68-2cdb534134b6","deb8daf7-6648-4c42-8a90-33756b644308","","","","","","","","","","","","","","",""
"","37122044","barnesi","Gonichthys barnesi Whitley, 1943","MYCTOPHIDAE","Gonichthys","","barnesi","","Valid Name","","Species","","Whitley","1943","Y","c5db838a-53fb-4790-98ed-379108291e67","20081009T05:11:37.000+0000","6baa9d23-bcd1-4af1-949a-4c17cd98c115","20100727T00:07:22.682+0000","862a8751-9fb2-4bd2-862c-c98c67b6bcec","6baa9d23-bcd1-4af1-949a-4c17cd98c115","","","","","","","","","","","","","","",""
"","37141001","greyi","Gonorynchus greyi (Richardson, 1845)","GONORYNCHIDAE","Gonorynchus","","greyi","","Valid Name","","Species","","Richardson","1845","N","ae7f1ee2-bcbc-4451-a427-e519d598dc44","20120516T07:24:35.470+0000","6306a646-2e62-4045-86fc-ef42ed482dfd","20130201T01:35:16.460+0000","291c0fc3-68eb-442a-9fd6-58200ae9fae7","6306a646-2e62-4045-86fc-ef42ed482dfd","","","","","","","","","","","","","","",""
"","37265001","brachiusculus","Grammicolepis brachiusculus Poey, 1873","GRAMMICOLEPIDIDAE","Grammicolepis","","brachiusculus","","Valid Name","","Species","","Poey","1873","Y","19820fae-dfe4-4c3f-b5ea-5a57158b7ed5","20130506T03:14:40.004+0000","b49e41b8-ff47-43b7-a30b-2c495d1390e2","20130506T04:26:12.282+0000","e3e2eb03-7f5d-4191-ab2f-295b2a252268","b49e41b8-ff47-43b7-a30b-2c495d1390e2","","","","","","","","","","","","","","",""
"","37312006","sexlineatus","Grammistes sexlineatus (Thunberg, 1792)","SERRANIDAE","Grammistes","","sexlineatus","","Valid Name","","Species","","Thunberg","1792","N","709453c4-d365-41fb-9647-34e460f04195","20120107T13:52:22.993+0000","8d3d8f94-3216-41db-a3c6-70e55ddc5e22","20180601T06:02:12.387+0000","438ffc65-1bff-43c8-93d5-c7c62282b26f","8d3d8f94-3216-41db-a3c6-70e55ddc5e22","","","","","","","","","","","","","","",""
"","37351022","euanus","Gymnocranius euanus (Günther, 1879)","LETHRINIDAE","Gymnocranius","","euanus","","Valid Name","","Species","","Günther","1879","N","28bd912f-8c14-48e0-a96e-6f53f4204370","20131008T23:07:52.756+0000","f6729f18-ffc8-417f-95c3-98ef89048af2","20131008T23:07:52.756+0000","e4e87b56-17b4-4171-9d47-73bbf34f7fa0","f6729f18-ffc8-417f-95c3-98ef89048af2","","","","","","","","","","","","","","",""
"","37060064","annasona","Gymnothorax annasona Whitley, 1937","MURAENIDAE","Gymnothorax","","annasona","","Valid Name","","Species","","Whitley","1937","Y","ecef759c-70f2-4c21-a7c0-3781b9683b0e","20180820T09:23:29.732+0000","c5767b15-1b54-4df0-a4dd-4c9914e0b8f2","20190305T04:57:36.559+0000","9537dac0-b3db-4119-8d1e-a268a4b75ef5","c5767b15-1b54-4df0-a4dd-4c9914e0b8f2","","","","","","","","","","","","","","",""
"","37060030","atolli","Gymnothorax atolli (Pietschmann, 1935)","MURAENIDAE","Gymnothorax","","atolli","","Valid Name","","Species","","Pietschmann","1935","N","22790f81-895b-4422-b53c-fdfd2f18d5b9","20180322T04:45:44.129+0000","30beec3e-a761-4158-a62e-c7ce3da22cb0","20190305T04:57:36.559+0000","9537dac0-b3db-4119-8d1e-a268a4b75ef5","30beec3e-a761-4158-a62e-c7ce3da22cb0","","","","","","","","","","","","","","",""
"","37060009","cephalospilus","Gymnothorax cephalospilus Böhlke & McCosker, 2001","MURAENIDAE","Gymnothorax","","cephalospilus","","Valid Name","","Species","","Böhlke & McCosker","2001","Y","044d1443-d8d5-4585-9db8-d873f6ca022c","20180821T12:33:53.649+0000","f5dc60e2-24a6-4d13-a275-2dc9b7751b77","20190305T04:57:36.559+0000","9537dac0-b3db-4119-8d1e-a268a4b75ef5","f5dc60e2-24a6-4d13-a275-2dc9b7751b77","","","","","","","","","","","","","","",""
"","37060033","chilospilus","Gymnothorax chilospilus Bleeker, 1864","MURAENIDAE","Gymnothorax","","chilospilus","","Valid Name","","Species","","Bleeker","1864","Y","89c88e89-363a-40ad-99a4-3a4ce91b5cf5","20180901T06:28:22.966+0000","a9da2cfd-020e-4752-b629-636fbcd47e03","20190305T04:57:36.559+0000","9537dac0-b3db-4119-8d1e-a268a4b75ef5","a9da2cfd-020e-4752-b629-636fbcd47e03","","","","","","","","","","","","","","",""
"","37060034","eurostus","Gymnothorax eurostus (Abbott, 1860)","MURAENIDAE","Gymnothorax","","eurostus","","Valid Name","","Species","","Abbott","1860","N","40b544b9-fc70-470c-b455-d2284c35bf8f","20181003T09:20:29.671+0000","cdbf220d-531a-433d-b489-3c2c3f7548d7","20190305T04:57:36.559+0000","9537dac0-b3db-4119-8d1e-a268a4b75ef5","cdbf220d-531a-433d-b489-3c2c3f7548d7","","","","","","","","","","","","","","",""
"","37060039","javanicus","Gymnothorax javanicus (Bleeker, 1859)","MURAENIDAE","Gymnothorax","","javanicus","","Valid Name","","Species","","Bleeker","1859","N","6d0b5e9f-cc8b-4215-8441-3a995982ee1d","20181002T07:49:44.670+0000","12c7be6c-0fa3-4d95-b6e7-4ac4d083309a","20190305T04:57:36.559+0000","9537dac0-b3db-4119-8d1e-a268a4b75ef5","12c7be6c-0fa3-4d95-b6e7-4ac4d083309a","","","","","","","","","","","","","","",""
"","37060044","melatremus","Gymnothorax melatremus Schultz, 1953","MURAENIDAE","Gymnothorax","","melatremus","","Valid Name","","Species","","Schultz","1953","Y","94eeb6f8-a27c-4bc1-9973-81c32e1af303","20180825T06:41:13.642+0000","f8438705-7bec-468b-9c5f-395d0162e999","20190305T04:57:36.559+0000","9537dac0-b3db-4119-8d1e-a268a4b75ef5","f8438705-7bec-468b-9c5f-395d0162e999","","","","","","","","","","","","","","",""
"","37060045","meleagris","Gymnothorax meleagris (Shaw & Nodder, 1795)","MURAENIDAE","Gymnothorax","","meleagris","","Valid Name","","Species","","Shaw & Nodder","1795","N","f93e618f-9857-4c6e-9004-1ebdc080c97e","20180825T06:47:51.560+0000","0df7819f-1ad6-41a2-aade-5f8c9d2b671b","20190305T04:57:36.559+0000","9537dac0-b3db-4119-8d1e-a268a4b75ef5","0df7819f-1ad6-41a2-aade-5f8c9d2b671b","","","","","","","","","","","","","","",""
"","37060065","nubilus","Gymnothorax nubilus (Richardson, 1848)","MURAENIDAE","Gymnothorax","","nubilus","","Valid Name","","Species","","Richardson","1848","N","8dc31ce8-b7aa-4ac2-a0e6-7370a7ca8c93","20180815T10:13:54.463+0000","735862f9-069a-4084-9568-a1cee61374e2","20190305T04:57:36.559+0000","9537dac0-b3db-4119-8d1e-a268a4b75ef5","735862f9-069a-4084-9568-a1cee61374e2","","","","","","","","","","","","","","",""
"","37060066","porphyreus","Gymnothorax porphyreus (Guichenot, 1848)","MURAENIDAE","Gymnothorax","","porphyreus","","Valid Name","","Species","","Guichenot","1848","N","4ca10881-7bc0-44c6-9ea7-2c27e87ea2cf","20180901T05:40:00.277+0000","d5974bfa-82ad-403d-8982-cfc4d35f822a","20190305T04:57:36.559+0000","9537dac0-b3db-4119-8d1e-a268a4b75ef5","d5974bfa-82ad-403d-8982-cfc4d35f822a","","","","","","","","","","","","","","",""
"","37060006","prasinus","Gymnothorax prasinus (Richardson, 1848)","MURAENIDAE","Gymnothorax","","prasinus","","Valid Name","","Species","","Richardson","1848","N","3f9f8e4d-b173-426d-ae0a-c9b48d80581d","20181002T08:16:39.332+0000","83da2178-f734-4dc2-9057-00a983da6f6f","20190305T04:57:36.559+0000","9537dac0-b3db-4119-8d1e-a268a4b75ef5","83da2178-f734-4dc2-9057-00a983da6f6f","","","","","","","","","","","","","","",""
"","37060010","thyrsoideus","Gymnothorax thyrsoideus (Richardson, 1845)","MURAENIDAE","Gymnothorax","","thyrsoideus","","Valid Name","","Species","","Richardson","1845","N","afb569d1-2c26-42e6-9c4d-dc8336d11804","20180904T10:34:02.587+0000","bdff0d2d-a472-484d-a070-4d5cfc0b9cd6","20190305T04:57:36.559+0000","9537dac0-b3db-4119-8d1e-a268a4b75ef5","bdff0d2d-a472-484d-a070-4d5cfc0b9cd6","","","","","","","","","","","","","","",""
"","37224009","johnsonii","Halargyreus johnsonii Günther, 1862","MORIDAE","Halargyreus","","johnsonii","","Valid Name","","Species","","Günther","1862","Y","7a651e97-9671-4903-a12b-225260bed75d","20151019T00:31:20.338+0000","e347815f-c654-45b7-9f70-9a1ed2b66712","20151125T23:15:40.328+0000","3c1858dd-14ca-454f-98ae-62597a43575d","e347815f-c654-45b7-9f70-9a1ed2b66712","","","","","","","","","","","","","","",""
"","37282107","boothae","Halicampus boothae (Whitley, 1964)","SYNGNATHIDAE","Halicampus","","boothae","","Valid Name","","Species","","Whitley","1964","N","2fa9f308-ca53-4b75-a8b5-fcb498e647ae","20170410T08:23:41.377+0000","ad35ccf1-1451-4424-9a1a-e64fdfc3acf5","20170727T04:24:54.431+0000","675838fd-efd5-4df1-b7b4-043388807042","ad35ccf1-1451-4424-9a1a-e64fdfc3acf5","","","","","","","","","","","","","","",""
"","37282065","brocki","Halicampus brocki (Herald, 1953)","SYNGNATHIDAE","Halicampus","","brocki","","Valid Name","","Species","","Herald","1953","N","ff675de9-a6f3-4bb5-b947-40fb5288b010","20170501T13:51:30.817+0000","0b12a5e6-6d17-4c41-a26f-a48d757cf3b5","20170727T04:24:54.431+0000","675838fd-efd5-4df1-b7b4-043388807042","0b12a5e6-6d17-4c41-a26f-a48d757cf3b5","","","","","","","","","","","","","","",""
"","37384107","biocellatus","Halichoeres biocellatus Schultz, 1960","LABRIDAE","Halichoeres","","biocellatus","","Valid Name","","Species","","Schultz","1960","Y","0984cf7f-7d3b-4c72-b2c8-946a2356d24e","20170614T10:00:09.064+0000","4a977887-640f-4392-87c9-ec24e6d350c3","20170727T04:09:21.978+0000","28447ee4-ff11-4ef8-9840-a628c497bb8a","4a977887-640f-4392-87c9-ec24e6d350c3","","","","","","","","","","","","","","",""
"","37384112","hortulanus","Halichoeres hortulanus (Lacépède, 1801)","LABRIDAE","Halichoeres","","hortulanus","","Valid Name","","Species","","Lacépède","1801","N","d7f804b2-c325-49c0-aaa2-c46ee40667da","20170616T09:44:24.851+0000","7e641cf5-9c7c-4f88-be50-669ed15dd2a1","20170727T04:09:21.978+0000","28447ee4-ff11-4ef8-9840-a628c497bb8a","7e641cf5-9c7c-4f88-be50-669ed15dd2a1","","","","","","","","","","","","","","",""
"","37384113","margaritaceus","Halichoeres margaritaceus (Valenciennes, 1839)","LABRIDAE","Halichoeres","","margaritaceus","","Valid Name","","Species","","Valenciennes","1839","N","5ec2af23-65e2-47ba-a6d6-9bce954eab41","20170617T10:21:00.169+0000","d6bdffec-67c5-466c-bda8-b5ffe7c33383","20170727T04:09:21.978+0000","28447ee4-ff11-4ef8-9840-a628c497bb8a","d6bdffec-67c5-466c-bda8-b5ffe7c33383","","","","","","","","","","","","","","",""
"","37384118","nebulosus","Halichoeres nebulosus (Valenciennes, 1839)","LABRIDAE","Halichoeres","","nebulosus","","Valid Name","","Species","","Valenciennes","1839","N","fc2bf6ef-6cdd-4adc-bfbb-8c9f056d662c","20170616T08:59:25.013+0000","d3d7958c-22bd-4025-99d7-85487ec7f10e","20170727T04:09:21.978+0000","28447ee4-ff11-4ef8-9840-a628c497bb8a","d3d7958c-22bd-4025-99d7-85487ec7f10e","","","","","","","","","","","","","","",""
"","37384122","trimaculatus","Halichoeres trimaculatus (Cuvier, 1834)","LABRIDAE","Halichoeres","","trimaculatus","","Valid Name","","Species","","Cuvier","1834","N","e64f71a1-4010-4b29-8fd8-19ef252ff45f","20170616T09:52:37.610+0000","9328069a-7ab6-4273-b28f-6ceea13cccff","20170727T04:09:21.978+0000","28447ee4-ff11-4ef8-9840-a628c497bb8a","9328069a-7ab6-4273-b28f-6ceea13cccff","","","","","","","","","","","","","","",""
"","37081003","macrochir","Halosauropsis macrochir (Günther, 1878)","HALOSAURIDAE","Halosauropsis","","macrochir","","Valid Name","","Species","","Günther","1878","N","7cdc7eb8-4231-40b2-98da-15ca3157c513","20180802T07:52:14.086+0000","3ae9ec4b-e815-4241-8091-f8d1ff5aefde","20190305T04:57:36.559+0000","fadb5eab-fd96-4564-b4d2-f9f80e32b34e","3ae9ec4b-e815-4241-8091-f8d1ff5aefde","","","","","","","","","","","","","","",""
"","37081002","pectoralis","Halosaurus pectoralis McCulloch, 1926","HALOSAURIDAE","Halosaurus","","pectoralis","","Valid Name","","Species","","McCulloch","1926","Y","8dabb521-f03e-44df-ae0e-7e29eae0e070","20180817T06:47:41.294+0000","d846444f-cae5-4bfb-90d1-c9b108b0fe1f","20190305T04:57:36.559+0000","16e41288-dd14-4709-853d-0ddef965168e","d846444f-cae5-4bfb-90d1-c9b108b0fe1f","","","","","","","","","","","","","","",""
"","37222001","mollis","Haplophryne mollis (Brauer, 1902)","LINOPHRYNIDAE","Haplophryne","","mollis","","Valid Name","","Species","","Brauer","1902","N","0592d1ea-2b5c-47ce-9b62-abfe275d07ca","20150502T07:06:00.459+0000","74c51ac1-4f29-42b6-9a57-d1a8551a9443","20150625T00:28:50.961+0000","78041288-96c5-4036-b9a6-8bdc243c9baa","74c51ac1-4f29-42b6-9a57-d1a8551a9443","","","","","","","","","","","","","","",""
"","37384124","fasciatus","Hemigymnus fasciatus (Bloch, 1792)","LABRIDAE","Hemigymnus","","fasciatus","","Valid Name","","Species","","Bloch","1792","N","f0d24012-b41c-4394-84ab-06c54a5392ba","20170628T05:22:25.781+0000","c51cbdeb-5a53-41cc-923f-196bd99d614f","20170727T04:09:21.978+0000","975a4ac2-76c4-4084-b3a6-e1e375f7bde7","c51cbdeb-5a53-41cc-923f-196bd99d614f","","","","","","","","","","","","","","",""
"","37384125","melapterus","Hemigymnus melapterus (Bloch, 1791)","LABRIDAE","Hemigymnus","","melapterus","","Valid Name","","Species","","Bloch","1791","N","ccc56491-ffdb-4b6e-9e88-403975b27350","20170628T05:23:01.763+0000","d2bbd61e-e13f-4f74-99df-a369b9724f2a","20170727T04:09:21.978+0000","975a4ac2-76c4-4084-b3a6-e1e375f7bde7","d2bbd61e-e13f-4f74-99df-a369b9724f2a","","","","","","","","","","","","","","",""
"","37365011","acuminatus","Heniochus acuminatus (Linnaeus, 1758)","CHAETODONTIDAE","Heniochus","","acuminatus","","Valid Name","","Species","","Linnaeus","1758","N","cdf83a23-d6ad-4e3b-a608-3a0c9058cc99","20131008T23:07:52.756+0000","8af92caf-6e08-449c-be04-9551a06ed998","20131008T23:07:52.756+0000","8de2cd18-7190-4540-8785-9b80f4291873","8af92caf-6e08-449c-be04-9551a06ed998","","","","","","","","","","","","","","",""
"","37365005","diphreutes","Heniochus diphreutes Jordan, 1903","CHAETODONTIDAE","Heniochus","","diphreutes","","Valid Name","","Species","","Jordan","1903","Y","f6b91169-184c-4669-89c2-2cc0dcd0010d","20131008T23:07:52.756+0000","66ea8948-c44a-4333-a4df-08785cd50ba4","20131008T23:07:52.756+0000","8de2cd18-7190-4540-8785-9b80f4291873","66ea8948-c44a-4333-a4df-08785cd50ba4","","","","","","","","","","","","","","",""
"","37428394","readerae","Hetereleotris readerae Hoese & Larson, 2005","GOBIIDAE","Hetereleotris","","readerae","","Valid Name","","Species","","Hoese & Larson","2005","Y","79773a90-46e2-4aba-8fed-8a088c7161df","20150610T22:08:14.918+0000","100e2a53-fd2f-4980-9866-df241f838205","20181203T23:02:24.999+0000","15b42b0c-8e14-4992-88ca-cf7b2a32ac49","100e2a53-fd2f-4980-9866-df241f838205","","","","","","","","","","","","","","",""
"","37416023","roseus","Heteroclinus roseus (Günther, 1861)","CLINIDAE","Heteroclinus","","roseus","","Valid Name","","Species","","Günther","1861","N","a3223a4d-9573-406c-8f72-6b085acb0ec9","20131008T23:07:52.756+0000","db0316ad-2e66-4bb7-a85c-25b4234adeea","20131008T23:07:52.756+0000","4a23e67b-bee7-4864-b884-838818a7cd94","db0316ad-2e66-4bb7-a85c-25b4234adeea","","","","","","","","","","","","","","",""
"","37326008","cruentatus","Heteropriacanthus cruentatus (Lacépède, 1801)","PRIACANTHIDAE","Heteropriacanthus","","cruentatus","","Valid Name","","Species","","Lacépède","1801","N","02b2e2d2-e77e-40bc-beaf-18b04e915801","20120117T13:07:34.116+0000","0352fa0f-2564-461b-b6be-b60d3b3eaeda","20140805T00:23:57.554+0000","889884a9-a527-4d54-a432-7691ab89f044","0352fa0f-2564-461b-b6be-b60d3b3eaeda","","","","","","","","","","","","","","",""
"","37005004","nakamurai","Hexanchus nakamurai Teng, 1962","HEXANCHIDAE","Hexanchus","","nakamurai","","Valid Name","","Species","","Teng","1962","Y","8f1fd661-c703-43af-b569-f2ce19a96ed2","20140313T03:41:28.159+0000","b1d85641-a0f6-46e5-8b14-09985c1680f0","20140313T03:41:28.159+0000","9d8828a4-08f0-45ac-87f6-c9e68b926341","b1d85641-a0f6-46e5-8b14-09985c1680f0","","","","","","","","","","","","","","",""
"","37215001","appelii","Himantolophus appelii (Clarke, 1878)","HIMANTOLOPHIDAE","Himantolophus","","appelii","","Valid Name","","Species","","Clarke","1878","N","d3fd444e-f84f-4da5-9516-0a0c8822177f","20150502T09:00:58.018+0000","3a699533-dd97-423b-8ba0-22a1e35a680e","20150625T00:28:50.961+0000","f1a5ae8a-fba6-42f4-9da9-5795492fd76e","3a699533-dd97-423b-8ba0-22a1e35a680e","","","","","","","","","","","","","","",""
"","37117005","pyrhistion","Hime pyrhistion (Gomon, Struthers & Stewart, 2013)","AULOPIDAE","Hime","","pyrhistion","","Valid Name","","Species","","Gomon, Struthers & Stewart","2013","N","bec84d6c-6d98-43c2-a618-df925b1be7c5","20160524T08:12:57.955+0000","2091dc6f-3dcf-441e-8f05-47acc29866c1","20161222T00:27:39.419+0000","f627f7b2-ff7f-4085-a702-01c244e58d94","2091dc6f-3dcf-441e-8f05-47acc29866c1","","","","","","","","","","","","","","",""
"","37282111","colemani","Hippocampus colemani Kuiter, 2003","SYNGNATHIDAE","Hippocampus","","colemani","","Valid Name","","Species","","Kuiter","2003","Y","2de7f9fe-a944-45d7-964e-69965b0f051a","20170505T08:59:14.105+0000","251ab888-db78-4629-b61f-521186b81bee","20170727T04:24:54.431+0000","094178bd-a72f-48d6-802e-7fce8a5d3956","251ab888-db78-4629-b61f-521186b81bee","","","","","","","","","","","","","","",""
"","37282112","jugumus","Hippocampus jugumus Kuiter, 2001","SYNGNATHIDAE","Hippocampus","","jugumus","","Valid Name","","Species","","Kuiter","2001","Y","5a617b01-5056-4e4c-86ab-2ed1dc7ef84d","20170505T09:08:53.235+0000","1fb83609-42bc-4c8e-a6fe-95dd467edd82","20170727T04:24:54.431+0000","094178bd-a72f-48d6-802e-7fce8a5d3956","1fb83609-42bc-4c8e-a6fe-95dd467edd82","","","","","","","","","","","","","","",""
"","37282117","tristis","Hippocampus tristis Castelnau, 1872","SYNGNATHIDAE","Hippocampus","","tristis","","Valid Name","","Species","","Castelnau","1872","Y","9a0f66c7-0194-4268-be26-26aad95fb9a3","20170505T09:28:48.396+0000","f64b9afc-13bc-444f-af70-6dd31023b4d5","20170727T04:24:54.431+0000","094178bd-a72f-48d6-802e-7fce8a5d3956","f64b9afc-13bc-444f-af70-6dd31023b4d5","","","","","","","","","","","","","","",""
"","37386008","longiceps","Hipposcarus longiceps (Valenciennes, 1840)","LABRIDAE","Hipposcarus","","longiceps","","Valid Name","","Species","","Valenciennes","1840","N","57686d44-86d0-4aad-84ce-4bac77f9222b","20160412T07:14:28.805+0000","64d21ec7-0cfa-4faa-88dc-01eea12267ec","20170727T04:09:21.978+0000","43ccd8f0-a0d5-4c56-8ee0-03ead51975ab","64d21ec7-0cfa-4faa-88dc-01eea12267ec","","","","","","","","","","","","","","",""
"","37233002","rufipinnis","Hirundichthys rufipinnis (Valenciennes, 1847)","EXOCOETIDAE","Hirundichthys","","rufipinnis","","Valid Name","","Species","","Valenciennes","1847","N","68387651-e72d-408b-8bf2-7abd1e28a8d0","20180320T06:24:08.056+0000","8fa73c7a-e39e-4b7a-8f16-b594277a736d","20180329T02:08:16.158+0000","9f8f8210-f58d-44ce-9dab-77a53253360f","8fa73c7a-e39e-4b7a-8f16-b594277a736d","","","","","","","","","","","","","","",""
"","37233015","speculiger","Hirundichthys speculiger (Valenciennes, 1847)","EXOCOETIDAE","Hirundichthys","","speculiger","","Valid Name","","Species","","Valenciennes","1847","N","13fd9fbb-8a10-4baf-815a-a9bed375eb41","20180319T04:51:54.439+0000","d58217f8-5124-479e-b0a6-cf897d5e12c1","20180329T02:08:16.158+0000","9f8f8210-f58d-44ce-9dab-77a53253360f","d58217f8-5124-479e-b0a6-cf897d5e12c1","","","","","","","","","","","","","","",""
"","37384126","annulatus","Hologymnosus annulatus (Lacépède, 1801)","LABRIDAE","Hologymnosus","","annulatus","","Valid Name","","Species","","Lacépède","1801","N","f47c1328-7672-46bf-abf5-fbd483a1c5bf","20170618T09:02:39.300+0000","1e2dacc3-a942-400c-b2fe-019b95c39238","20170727T04:09:21.978+0000","5a589cab-36ff-43e7-8747-847389e67482","1e2dacc3-a942-400c-b2fe-019b95c39238","","","","","","","","","","","","","","",""
"","37384127","doliatus","Hologymnosus doliatus (Lacépède, 1801)","LABRIDAE","Hologymnosus","","doliatus","","Valid Name","","Species","","Lacépède","1801","N","f289b2d5-90d1-4008-bdf4-9046a91b45e6","20170628T05:21:12.343+0000","87927497-f6ec-4422-baf8-17a3a3418e62","20170727T04:09:21.978+0000","5a589cab-36ff-43e7-8747-847389e67482","87927497-f6ec-4422-baf8-17a3a3418e62","","","","","","","","","","","","","","",""
"","37384128","longipes","Hologymnosus longipes (Günther, 1862)","LABRIDAE","Hologymnosus","","longipes","","Valid Name","","Species","","Günther","1862","N","9ff05fc6-9ddc-47f3-a830-1b04915311d9","20170606T07:39:57.883+0000","aeb02364-fed1-48d7-ab3c-295b497b302f","20170727T04:09:21.978+0000","5a589cab-36ff-43e7-8747-847389e67482","aeb02364-fed1-48d7-ab3c-295b497b302f","","","","","","","","","","","","","","",""
"","37297002","citrinus","Hoplichthys citrinus Gilbert, 1905","HOPLICHTHYIDAE","Hoplichthys","","citrinus","","Valid Name","","Species","","Gilbert","1905","Y","9dd3c2a4-0a31-4222-819e-5b777218997b","20150403T07:13:57.591+0000","ec8f06d1-49db-47b9-9eb7-65e2a5d9f609","20150505T21:35:04.768+0000","b030ab4f-e4c8-49cb-a303-149a61617d64","ec8f06d1-49db-47b9-9eb7-65e2a5d9f609","","","","","","","","","","","","","","",""
"","37255009","atlanticus","Hoplostethus atlanticus Collett, 1889","TRACHICHTHYIDAE","Hoplostethus","","atlanticus","","Valid Name","","Species","","Collett","1889","Y","56a67e0f-e353-4ea8-b8f5-a77b0ce64290","20160517T10:05:41.965+0000","340484bd-33f6-4b46-a63c-751f0b159ed1","20160606T05:15:12.352+0000","2ad65168-c70e-42e1-b0f4-3c8a27b09860","340484bd-33f6-4b46-a63c-751f0b159ed1","","","","","","","","","","","","","","",""
"","37255001","mediterraneus","Hoplostethus mediterraneus Cuvier, 1829","TRACHICHTHYIDAE","Hoplostethus","","mediterraneus","","Valid Name","","Species","","Cuvier","1829","Y","0e3538c3-ecbf-4fc8-82f9-40ae6c560b54","20160517T12:39:21.798+0000","de0ce079-765d-489e-a447-f01a97804866","20160606T05:15:12.352+0000","2ad65168-c70e-42e1-b0f4-3c8a27b09860","de0ce079-765d-489e-a447-f01a97804866","","","","","","","","","","","","","","",""
"","","melanopeza","Hoplostethus melanopeza Roberts & Gomon, 2012","TRACHICHTHYIDAE","Hoplostethus","","melanopeza","","Valid Name","","Species","","Roberts & Gomon","2012","Y","744441ca-3d13-4add-bd53-e9ffc636f9fd","20151203T12:22:34.249+0000","4bddbe25-2b3e-4509-9a52-f67322397c19","20160606T05:15:12.352+0000","2ad65168-c70e-42e1-b0f4-3c8a27b09860","4bddbe25-2b3e-4509-9a52-f67322397c19","","","","","","","","","","","","","","",""
"","37327037","brodiei","Howella brodiei Ogilby, 1899","HOWELLIDAE","Howella","","brodiei","","Valid Name","","Species","","Ogilby","1899","Y","1f0e19a4-18b1-4825-a16c-c93e31e23236","20121109T01:36:25.787+0000","3be7726b-ecb9-439e-8ebc-b69703581f61","20140219T22:47:08.728+0000","6cd08e9e-6250-435f-944d-a277ea817e5f","3be7726b-ecb9-439e-8ebc-b69703581f61","","","","","","","","","","","","","","",""
"","37042012","trolli","Hydrolagus trolli Didier & Séret, 2002","CHIMAERIDAE","Hydrolagus","","trolli","","Valid Name","","Species","","Didier & Séret","2002","Y","beb0f44a-3b1e-4c48-867b-370a4b7f8718","20110906T05:24:23.950+0000","852f3a16-931c-4ce8-b84c-dbab2aa001ce","20120416T05:24:25.862+0000","8b3f6a53-3e29-49ea-9c1d-54788c8a7727","852f3a16-931c-4ce8-b84c-dbab2aa001ce","","","","","","","","","","","","","","",""
"","37122004","hygomii","Hygophum hygomii (Lütken, 1892)","MYCTOPHIDAE","Hygophum","","hygomii","","Valid Name","","Species","","Lütken","1892","N","836a4b28-39a9-479c-9863-caf5d437de92","20081009T05:11:37.000+0000","fc6b5779-ace8-4119-b6ac-22df1f15de4b","20100727T00:07:22.682+0000","bd197d30-5d03-4c72-a0cc-ae6b8260ffcb","fc6b5779-ace8-4119-b6ac-22df1f15de4b","","","","","","","","","","","","","","",""
"","37122046","reinhardtii","Hygophum reinhardtii (Lütken, 1892)","MYCTOPHIDAE","Hygophum","","reinhardtii","","Valid Name","","Species","","Lütken","1892","N","8ee53a7c-662e-491d-97b4-d37ad2489728","20081009T05:11:37.000+0000","bc4e31c6-94f1-40a1-9160-4a150e4b044d","20100727T00:07:22.682+0000","bd197d30-5d03-4c72-a0cc-ae6b8260ffcb","bc4e31c6-94f1-40a1-9160-4a150e4b044d","","","","","","","","","","","","","","",""
"","37232131","maculicaudus","Hymenocephalus maculicaudus McMillan & Iwamoto, 2014","MACROURIDAE","Hymenocephalus","","maculicaudus","","Valid Name","","Species","","McMillan & Iwamoto","2014","Y","eebc24f2-3826-4609-ae2b-2ea3d8a9ebe0","20180515T06:25:40.213+0000","336e30c9-330f-4d2f-93c5-7007bd5c0fe5","20180731T05:42:43.637+0000","2f53614d-0512-4b19-a9a7-64e87155e731","336e30c9-330f-4d2f-93c5-7007bd5c0fe5","","","","","","","","","","","","","","",""
"","37232082","nascens","Hymenocephalus nascens Gilbert & Hubbs, 1920","MACROURIDAE","Hymenocephalus","","nascens","","Valid Name","","Species","","Gilbert & Hubbs","1920","Y","c719a76c-deee-4784-bacc-daa70f008197","20180509T06:52:28.686+0000","caa3b798-5d48-47d2-a6a3-0e48a8eb21f4","20180731T05:42:43.637+0000","2f53614d-0512-4b19-a9a7-64e87155e731","caa3b798-5d48-47d2-a6a3-0e48a8eb21f4","","","","","","","","","","","","","","",""
"","37246035","tropicalis","Hypoatherina tropicalis (Whitley, 1948)","ATHERINIDAE","Hypoatherina","","tropicalis","","Valid Name","","Species","","Whitley","1948","N","df2bdef2-53ae-4215-b8a2-409a70344a8c","20140714T00:21:50.303+0000","eab6ce5e-2167-4dd8-a652-37d54f7b8031","20151001T07:03:54.027+0000","e879427f-d670-4d7b-a82c-b82e628d0165","eab6ce5e-2167-4dd8-a652-37d54f7b8031","","","","","","","","","","","","","","",""
"","37234014","australis","Hyporhamphus australis (Steindachner, 1866)","HEMIRAMPHIDAE","Hyporhamphus","","australis","","Valid Name","","Species","","Steindachner","1866","N","e2d0675f-d8b0-4096-be30-24a95155e152","20170620T06:53:02.118+0000","a4ebf629-6c3c-4caa-ac91-dbf2c2a70278","20180329T02:08:16.158+0000","352fd402-f76c-4ae4-973f-39e1defbd34e","a4ebf629-6c3c-4caa-ac91-dbf2c2a70278","","","","","","","","","","","","","","",""
"","37384176","aneitensis","Iniistius aneitensis (Günther, 1862)","LABRIDAE","Iniistius","","aneitensis","","Valid Name","","Species","","Günther","1862","N","9d19bb21-0aa4-4775-a33b-50e3493ddd4c","20170618T09:55:19.027+0000","686a0401-9302-4b58-9c41-d4f2e4709666","20170727T04:09:21.978+0000","12ecfb08-587a-41ff-89b4-c9bd7f9206b2","686a0401-9302-4b58-9c41-d4f2e4709666","","","","","","","","","","","","","","",""
"","37384012","jacksonensis","Iniistius jacksonensis (Ramsay, 1881)","LABRIDAE","Iniistius","","jacksonensis","","Valid Name","","Species","","Ramsay","1881","N","bc9bc9d5-cfac-463a-9477-845333db1af5","20170619T04:50:45.124+0000","c8a7c1e6-dbe7-47e1-9f8f-1210f164a79b","20170727T04:09:21.978+0000","12ecfb08-587a-41ff-89b4-c9bd7f9206b2","c8a7c1e6-dbe7-47e1-9f8f-1210f164a79b","","","","","","","","","","","","","","",""
"","37384177","pavo","Iniistius pavo (Valenciennes, 1840)","LABRIDAE","Iniistius","","pavo","","Valid Name","","Species","","Valenciennes","1840","N","45388236-d347-4f32-87a8-e65a8c3684d3","20170619T05:07:57.507+0000","7f3fa7cf-cbc9-46da-9dcb-1798060452be","20170727T04:09:21.978+0000","12ecfb08-587a-41ff-89b4-c9bd7f9206b2","7f3fa7cf-cbc9-46da-9dcb-1798060452be","","","","","","","","","","","","","","",""
"","37020014","brasiliensis","Isistius brasiliensis (Quoy & Gaimard, 1824)","DALATIIDAE","Isistius","","brasiliensis","","Valid Name","","Species","","Quoy & Gaimard","1824","N","537efafe-d7f8-445b-9797-3b34763a4d57","20120120T04:58:15.510+0000","7d184735-fd6e-49de-9839-5b05be202dc8","20120416T05:24:25.862+0000","cdbfc431-e70c-408d-b474-77c3cfe1a10f","7d184735-fd6e-49de-9839-5b05be202dc8","","","","","","","","","","","","","","",""
"","37247001","rhothophilus","Iso rhothophilus (Ogilby, 1895)","ISONIDAE","Iso","","rhothophilus","","Valid Name","","Species","","Ogilby","1895","N","efcd2bc3-493f-4aa9-be67-c3f85a01b8a4","20140519T06:01:10.284+0000","fb7e87ab-07bd-45d9-9017-a7d3241e4d1a","20140721T02:37:14.175+0000","8763605b-b680-4940-8f4a-727210e1577e","fb7e87ab-07bd-45d9-9017-a7d3241e4d1a","","","","","","","","","","","","","","",""
"","37408043","edentulus","Istiblennius edentulus (Forster & Schneider, 1801)","BLENNIIDAE","Istiblennius","","edentulus","","Valid Name","","Species","","Forster & Schneider","1801","N","f9c00b56-be1f-4d8e-bab9-09bcc19fe9d3","20131008T23:07:52.756+0000","94f6eb0c-fac9-433c-b609-77a9c8f340a1","20131124T23:42:21.399+0000","7b4cb6a3-bc6a-4da9-9ef3-e6741bd0145d","94f6eb0c-fac9-433c-b609-77a9c8f340a1","","","","","","","","","","","","","","",""
"","37428173","decoratus","Istigobius decoratus (Herre, 1927)","GOBIIDAE","Istigobius","","decoratus","","Valid Name","","Species","","Herre","1927","N","d3607dd2-83b9-43b7-a09f-200c74ddda2f","20170828T06:52:57.330+0000","04676a9c-f223-4b23-a9bb-d6bf2eebfc07","20181203T23:02:24.999+0000","6abbb8b4-d1ac-479b-9107-9b20d83f891a","04676a9c-f223-4b23-a9bb-d6bf2eebfc07","","","","","","","","","","","","","","",""
"","37428179","rigilius","Istigobius rigilius (Herre, 1953)","GOBIIDAE","Istigobius","","rigilius","","Valid Name","","Species","","Herre","1953","N","9e08915f-7f83-4f8c-8bee-042e72822255","20170828T06:38:03.137+0000","9fe20874-10de-4b52-9425-72e2375c9426","20181203T23:02:24.999+0000","6abbb8b4-d1ac-479b-9107-9b20d83f891a","9fe20874-10de-4b52-9425-72e2375c9426","","","","","","","","","","","","","","",""
"","37444006","indica","Istiompax indica (Cuvier, 1832)","ISTIOPHORIDAE","Istiompax","","indica","","Valid Name","","Species","","Cuvier","1832","N","82a1b242-e286-4d26-9f33-c08e696941c9","20131008T23:07:52.756+0000","5a7c8ec1-6de5-48ed-b594-b9607745ffc2","20131008T23:07:52.756+0000","5c83d45b-37e4-4a00-b49d-f04ec90f473f","5a7c8ec1-6de5-48ed-b594-b9607745ffc2","","","","","","","","","","","","","","",""
"","37444005","platypterus","Istiophorus platypterus (Shaw & Nodder, 1792)","ISTIOPHORIDAE","Istiophorus","","platypterus","","Valid Name","","Species","","Shaw & Nodder","1792","N","31e14554-49d5-451f-adbb-8e8db136e6d7","20131008T23:07:52.756+0000","8c378113-b081-4e11-9be4-e7a954cda5e3","20131008T23:07:52.756+0000","7b208e33-352e-408e-bc95-97e39f94f8c2","8c378113-b081-4e11-9be4-e7a954cda5e3","","","","","","","","","","","","","","",""
"","37444002","audax","Kajikia audax (Philippi, 1887)","ISTIOPHORIDAE","Kajikia","","audax","","Valid Name","","Species","","Philippi","1887","N","1cdef86d-feec-45a0-b7bd-d25021824582","20131008T23:07:52.756+0000","c0dd52e1-d47b-4e23-87b3-fc1520d8409e","20131008T23:07:52.756+0000","5aee2aa0-14e1-4051-9477-8be68765dd40","c0dd52e1-d47b-4e23-87b3-fc1520d8409e","","","","","","","","","","","","","","",""
"","37441003","pelamis","Katsuwonus pelamis (Linnaeus, 1758)","SCOMBRIDAE","Katsuwonus","","pelamis","","Valid Name","","Species","","Linnaeus","1758","N","e6d8bd9b-439b-48d5-b1a4-e5957f228da5","20131008T23:07:52.756+0000","bb2ec6ae-1015-4602-80ac-39ef279011c1","20131008T23:07:52.756+0000","dae90a79-6061-4c45-98f8-bd64a81066f8","bb2ec6ae-1015-4602-80ac-39ef279011c1","","","","","","","","","","","","","","",""
"","37323005","mugil","Kuhlia mugil (Bloch & Schneider, 1801)","KUHLIIDAE","Kuhlia","","mugil","","Valid Name","","Species","","Bloch & Schneider","1801","N","d045b3b2-d5cd-4329-a22b-672a79490713","20111219T04:59:13.839+0000","ff198313-f105-40dd-a610-1a53098fdd6b","20131031T06:27:58.607+0000","e7bf41d6-dc64-4873-8abe-a6a3ec3b9153","ff198313-f105-40dd-a610-1a53098fdd6b","","","","","","","","","","","","","","",""
"","37232061","bubonis","Kuronezumia bubonis (Iwamoto, 1974)","MACROURIDAE","Kuronezumia","","bubonis","","Valid Name","","Species","","Iwamoto","1974","N","a32a443f-d5c7-44e1-860b-38bbdc78a438","20180411T22:50:16.904+0000","5a9205ca-6db4-4c0c-98b0-31b322e1b150","20180731T05:42:43.637+0000","4ad316c6-c94e-4c62-8186-8e21486c5964","5a9205ca-6db4-4c0c-98b0-31b322e1b150","","","","","","","","","","","","","","",""
"","37361021","bigibbus","Kyphosus bigibbus Lacépède, 1801","KYPHOSIDAE","Kyphosus","","bigibbus","","Valid Name","","Species","","Lacépède","1801","Y","25182146-4658-4895-ab3f-dc3a61b84766","20150217T06:20:29.410+0000","1f96c3e1-2859-4d7e-af6b-8fb493d4afd0","20150222T20:54:32.670+0000","7e56a7a2-1fc7-4851-8445-dd0cd778c1b9","1f96c3e1-2859-4d7e-af6b-8fb493d4afd0","","","","","","","","","","","","","","",""
"","37361022","cinerascens","Kyphosus cinerascens (Forsskål, 1775)","KYPHOSIDAE","Kyphosus","","cinerascens","","Valid Name","","Species","","Forsskål","1775","N","e4a02f53-1738-419f-a681-d8edf6646d79","20150217T06:23:39.559+0000","9f3a454a-c943-481b-83f3-5213ec7b65ec","20170531T00:56:50.278+0000","7e56a7a2-1fc7-4851-8445-dd0cd778c1b9","9f3a454a-c943-481b-83f3-5213ec7b65ec","","","","","","","","","","","","","","",""
"","37361023","sectatrix","Kyphosus sectatrix (Linnaeus, 1758)","KYPHOSIDAE","Kyphosus","","sectatrix","","Valid Name","","Species","","Linnaeus","1758","N","ddec4aaf-ed6c-4a00-a48a-a3c2d84458ee","20150220T03:41:23.503+0000","e69c7176-629f-47da-807d-c6de4dd202ec","20151023T02:39:23.133+0000","7e56a7a2-1fc7-4851-8445-dd0cd778c1b9","e69c7176-629f-47da-807d-c6de4dd202ec","","","","","","","","","","","","","","",""
"","37332002","nitida","Labracoglossa nitida McCulloch & Waite, 1916","SCORPIDIDAE","Labracoglossa","","nitida","","Valid Name","","Species","","McCulloch & Waite","1916","Y","9c6e67a4-61c2-4407-950b-aa1e7677ea4c","20120213T08:40:09.326+0000","a1520ecc-fb3e-4f3d-b8c3-f72c05b3a2b5","20121123T00:49:03.602+0000","c52ff479-e89a-42bd-81b0-a3115b5f34e7","a1520ecc-fb3e-4f3d-b8c3-f72c05b3a2b5","","","","","","","","","","","","","","",""
"","37384129","unilineatus","Labrichthys unilineatus (Guichenot, 1847)","LABRIDAE","Labrichthys","","unilineatus","","Valid Name","","Species","","Guichenot","1847","N","4e13e3a0-69fe-4db4-b182-d9e2be9295af","20170628T05:17:18.818+0000","d952301a-971b-41a7-902f-6a00672fda93","20170727T04:09:21.978+0000","c9abd03b-eccb-4630-9b26-d7b2f17c088b","d952301a-971b-41a7-902f-6a00672fda93","","","","","","","","","","","","","","",""
"","37384130","bicolor","Labroides bicolor Fowler & Bean, 1928","LABRIDAE","Labroides","","bicolor","","Valid Name","","Species","","Fowler & Bean","1928","Y","24d7cd14-1225-46f4-b9f5-67c723ed1f88","20170628T05:18:20.738+0000","1d71cb24-c153-4ca8-b2e3-25fde9685457","20170727T04:09:21.978+0000","c4f40ed1-b0ed-4599-aa29-37a22c716c36","1d71cb24-c153-4ca8-b2e3-25fde9685457","","","","","","","","","","","","","","",""
"","37384028","dimidiatus","Labroides dimidiatus (Valenciennes, 1839)","LABRIDAE","Labroides","","dimidiatus","","Valid Name","","Species","","Valenciennes","1839","N","9f98ff0a-8d84-4139-a113-e6fc6d8c998f","20170629T07:03:12.047+0000","517118fd-05dd-47ae-a343-ad75936c4705","20170727T04:09:21.978+0000","c4f40ed1-b0ed-4599-aa29-37a22c716c36","517118fd-05dd-47ae-a343-ad75936c4705","","","","","","","","","","","","","","",""
"","37384132","australis","Labropsis australis Randall, 1981","LABRIDAE","Labropsis","","australis","","Valid Name","","Species","","Randall","1981","Y","99278c1a-df17-4baf-a162-aa8ad195a9ad","20170620T08:56:34.843+0000","5bbe0661-c555-4a09-b773-3d2be0fadde2","20170727T04:09:21.978+0000","ef1fa064-410d-47df-820a-643748570563","5bbe0661-c555-4a09-b773-3d2be0fadde2","","","","","","","","","","","","","","",""
"","37466004","cornuta","Lactoria cornuta (Linnaeus, 1758)","OSTRACIIDAE","Lactoria","","cornuta","","Valid Name","","Species","","Linnaeus","1758","N","1cd41baa-6b4e-4f84-b58f-c61cb029d4c0","20140428T04:53:16.496+0000","a9fb9f49-cedb-4719-8118-d9f1c4835767","20140429T04:00:17.360+0000","87303e31-c783-47c9-9db2-4f996080b03b","a9fb9f49-cedb-4719-8118-d9f1c4835767","","","","","","","","","","","","","","",""
"","37466007","diaphana","Lactoria diaphana (Bloch & Schneider, 1801)","OSTRACIIDAE","Lactoria","","diaphana","","Valid Name","","Species","","Bloch & Schneider","1801","N","8801bde5-0ac6-470e-8f8f-1a4b446ea674","20140428T04:53:16.496+0000","175b08c8-363e-4d68-986b-aad4f0074005","20140429T04:00:17.360+0000","87303e31-c783-47c9-9db2-4f996080b03b","175b08c8-363e-4d68-986b-aad4f0074005","","","","","","","","","","","","","","",""
"","37466018","fornasini","Lactoria fornasini (Bianconi, 1846)","OSTRACIIDAE","Lactoria","","fornasini","","Valid Name","","Species","","Bianconi","1846","N","7d122ae7-5ae4-40eb-9c1d-ca1a76652ec1","20140428T04:53:16.496+0000","b800234a-059e-468d-8a03-4b653c0ad0e5","20140429T04:00:17.360+0000","87303e31-c783-47c9-9db2-4f996080b03b","b800234a-059e-468d-8a03-4b653c0ad0e5","","","","","","","","","","","","","","",""
"","37467007","sceleratus","Lagocephalus sceleratus (Gmelin, 1789)","TETRAODONTIDAE","Lagocephalus","","sceleratus","","Valid Name","","Species","","Gmelin","1789","N","563f474a-c5a8-4f09-972e-e8c30bb5f87a","20140428T04:53:16.496+0000","1f34628c-fe64-46b1-87d9-404aefc07ee8","20160628T02:44:45.280+0000","52f94eca-57e7-44e6-988e-a3a9a6c766bf","1f34628c-fe64-46b1-87d9-404aefc07ee8","","","","","","","","","","","","","","",""
"","37268001","australensis","Lampris australensis Underkoffler, Luers, Hyde & Craig, 2018","LAMPRIDIDAE","Lampris","","australensis","","Valid Name","","Species","","Underkoffler, Luers, Hyde & Craig","2018","Y","037f3f03-992c-4687-b054-3f9c78784a7c","20180702T03:59:59.835+0000","fd86890b-e7cc-4225-83cb-9fdd592d2d43","20180731T05:33:35.120+0000","e84675b8-136b-414d-8b21-e464fe6387d0","fd86890b-e7cc-4225-83cb-9fdd592d2d43","","","","","","","","","","","","","","",""
"","37268003","megalopsis","Lampris megalopsis Underkoffler, Luers, Hyde & Craig, 2018","LAMPRIDIDAE","Lampris","","megalopsis","","Valid Name","","Species","","Underkoffler, Luers, Hyde & Craig","2018","Y","d75b7553-a94c-42ff-8cc9-291182b927ee","20180702T08:23:25.333+0000","78dcb4d4-eb90-4ee6-809b-d92ff28b56b3","20180731T05:33:35.120+0000","e84675b8-136b-414d-8b21-e464fe6387d0","78dcb4d4-eb90-4ee6-809b-d92ff28b56b3","","","","","","","","","","","","","","",""
"","37068018","semicinctus","Leiuranus semicinctus (Lay & Bennett, 1839)","OPHICHTHIDAE","Leiuranus","","semicinctus","","Valid Name","","Species","","Lay & Bennett","1839","N","c3d753a7-8426-43e3-ac9f-0e115e5569cc","20180813T08:44:53.199+0000","9b7f325a-3363-4162-8d28-ae8bbeeede00","20190305T04:57:36.559+0000","d2581bb2-2948-4a16-94e5-38af5744a758","9b7f325a-3363-4162-8d28-ae8bbeeede00","","","","","","","","","","","","","","",""
"","37068016","versicolor","Leiuranus versicolor (Richardson, 1848)","OPHICHTHIDAE","Leiuranus","","versicolor","","Valid Name","","Species","","Richardson","1848","N","c82ac9ca-e6a2-4927-b1bd-8ad6ea618b7d","20180813T08:49:05.580+0000","6f179d13-7d1a-49d3-a721-73289a62b68e","20190305T04:57:36.559+0000","d2581bb2-2948-4a16-94e5-38af5744a758","6f179d13-7d1a-49d3-a721-73289a62b68e","","","","","","","","","","","","","","",""
"","37206020","caritus","Lepadichthys caritus Briggs, 1969","GOBIESOCIDAE","Lepadichthys","","caritus","","Valid Name","","Species","","Briggs","1969","Y","1c67a3f0-cc8f-4594-b8cb-0774787c4f38","20131008T23:07:52.756+0000","002f4571-e6bf-47e5-afbc-fe7de50e6e86","20190521T05:24:31.422+0000","50b91efb-077c-4026-9808-529f9f2aec2a","002f4571-e6bf-47e5-afbc-fe7de50e6e86","","","","","","","","","","","","","","",""
"","37206021","frenatus","Lepadichthys frenatus Waite, 1904","GOBIESOCIDAE","Lepadichthys","","frenatus","","Valid Name","","Species","","Waite","1904","Y","d8769490-540a-40be-acdc-a2173a5d1e55","20131008T23:07:52.756+0000","c6f70112-029c-43f3-a202-6435d7ce9988","20190521T05:24:31.422+0000","50b91efb-077c-4026-9808-529f9f2aec2a","c6f70112-029c-43f3-a202-6435d7ce9988","","","","","","","","","","","","","","",""
"","37224010","microcephalus","Lepidion microcephalus Cowper, 1956","MORIDAE","Lepidion","","microcephalus","","Valid Name","","Species","","Cowper","1956","Y","c01411b8-7617-48f7-9ebf-d6e9be1db4fa","20151019T01:54:14.977+0000","c3feddbe-5c8f-4fd4-8e6a-3ddcda65b4ce","20151125T23:15:40.328+0000","894779bf-ad6e-495e-85ed-5abe1b24bcda","c3feddbe-5c8f-4fd4-8e6a-3ddcda65b4ce","","","","","","","","","","","","","","",""
"","37439008","flavobrunneum","Lepidocybium flavobrunneum (Smith, 1843)","GEMPYLIDAE","Lepidocybium","","flavobrunneum","","Valid Name","","Species","","Smith","1843","N","29c45238-d47e-4957-9a35-fc092c509eaf","20131008T23:07:52.756+0000","01e570df-cf5b-4dbc-b93b-8662cf279f37","20131008T23:07:52.756+0000","225a8688-eb91-46d3-b2c0-4908edb16aa6","01e570df-cf5b-4dbc-b93b-8662cf279f37","","","","","","","","","","","","","","",""
"","37386009","vaigiensis","Leptoscarus vaigiensis (Quoy & Gaimard, 1824)","LABRIDAE","Leptoscarus","","vaigiensis","","Valid Name","","Species","","Quoy & Gaimard","1824","N","39b0da83-0869-4dad-90ce-ab843dad1290","20170526T07:07:22.631+0000","58cebe5f-816e-43b1-a5a6-1f1a9b06b728","20170727T04:09:21.978+0000","80b07c40-da6d-4f3e-89b8-f69b2b3358c1","58cebe5f-816e-43b1-a5a6-1f1a9b06b728","","","","","","","","","","","","","","",""
"","37351013","atkinsoni","Lethrinus atkinsoni Seale, 1910","LETHRINIDAE","Lethrinus","","atkinsoni","","Valid Name","","Species","","Seale","1910","Y","883e334a-0580-4b74-b952-e79e7e21963c","20131008T23:07:52.756+0000","f18982e5-c444-41d1-8124-384618f1ecf2","20131008T23:07:52.756+0000","81a73184-9b67-423f-ba57-908a28f828fe","f18982e5-c444-41d1-8124-384618f1ecf2","","","","","","","","","","","","","","",""
"","37351002","genivittatus","Lethrinus genivittatus Valenciennes, 1830","LETHRINIDAE","Lethrinus","","genivittatus","","Valid Name","","Species","","Valenciennes","1830","Y","447c1205-289a-4f20-89ab-4e259a47bb18","20131008T23:07:52.756+0000","42cf2cbf-f8ea-425d-ade6-d7c0fad2769e","20131008T23:07:52.756+0000","81a73184-9b67-423f-ba57-908a28f828fe","42cf2cbf-f8ea-425d-ade6-d7c0fad2769e","","","","","","","","","","","","","","",""
"","37351009","miniatus","Lethrinus miniatus (Forster, 1801)","LETHRINIDAE","Lethrinus","","miniatus","","Valid Name","","Species","","Forster","1801","N","e5cd1e29-baf3-4c00-994b-7e4349b2d1da","20131008T23:07:52.756+0000","d52a8e27-7911-4484-b483-29844e865110","20131008T23:07:52.756+0000","81a73184-9b67-423f-ba57-908a28f828fe","d52a8e27-7911-4484-b483-29844e865110","","","","","","","","","","","","","","",""
"","37351008","nebulosus","Lethrinus nebulosus (Forsskål, 1775)","LETHRINIDAE","Lethrinus","","nebulosus","","Valid Name","","Species","","Forsskål","1775","N","fd35fba4-e1ec-4222-a2ef-d5ffb0ec9b6d","20131008T23:07:52.756+0000","b10e0fdf-5076-4249-beb1-daf8a9122abe","20170531T00:56:50.278+0000","81a73184-9b67-423f-ba57-908a28f828fe","b10e0fdf-5076-4249-beb1-daf8a9122abe","","","","","","","","","","","","","","",""
"","37395005","fasciatus","Limnichthys fasciatus Waite, 1904","CREEDIIDAE","Limnichthys","","fasciatus","","Valid Name","","Species","","Waite","1904","Y","017cb9d6-acbb-4323-b7dc-f1c3e92695ca","20150824T08:59:06.587+0000","073efe9c-ce03-4f31-834f-0f634ebc4dd9","20151008T04:00:06.190+0000","059ab5a5-940a-4d13-873e-c7e140b82b6d","073efe9c-ce03-4f31-834f-0f634ebc4dd9","","","","","","","","","","","","","","",""
"","37395004","nitidus","Limnichthys nitidus Smith, 1958","CREEDIIDAE","Limnichthys","","nitidus","","Valid Name","","Species","","Smith","1958","Y","a616d130-a523-40ca-b0ce-4cc13c57c2c1","20151002T02:04:18.301+0000","d5754586-01ac-4cd0-a0cb-2999e0df282c","20151008T04:00:06.190+0000","059ab5a5-940a-4d13-873e-c7e140b82b6d","d5754586-01ac-4cd0-a0cb-2999e0df282c","","","","","","","","","","","","","","",""
"","37311159","susumi","Liopropoma susumi (Jordan & Seale, 1906)","SERRANIDAE","Liopropoma","","susumi","","Valid Name","","Species","","Jordan & Seale","1906","N","f5d35153-3600-45e7-8387-776001274deb","20121130T05:23:08.678+0000","334bbc91-763e-4f57-972c-afc15fbc7da8","20180601T06:02:12.387+0000","4458626f-f455-4f1d-a5b1-cdd72824a664","334bbc91-763e-4f57-972c-afc15fbc7da8","","","","","","","","","","","","","","",""
"","37082001","gillii","Lipogenys gillii Goode & Bean, 1895","NOTACANTHIDAE","Lipogenys","","gillii","","Valid Name","","Species","","Goode & Bean","1895","Y","b2b493ae-d9ae-4026-954a-5adbcaffcc87","20160718T02:02:33.763+0000","a1387584-7d1f-4514-a534-539ab5d2ab60","20190305T04:57:36.559+0000","34cd5547-610a-4925-8e2a-b3d4d7a398c1","a1387584-7d1f-4514-a534-539ab5d2ab60","","","","","","","","","","","","","","",""
"","37208007","endoi","Lophiodes endoi Ho & Shao, 2008","LOPHIIDAE","Lophiodes","","endoi","","Valid Name","","Species","","Ho & Shao","2008","Y","c197956f-0f3f-4dcd-a3d5-22c957482edc","20150426T05:20:32.638+0000","c1d2c269-0e97-4f2f-b696-c429e2857cbe","20150625T00:28:50.961+0000","3aaf4813-032d-49a1-9d7b-1ab16389c246","c1d2c269-0e97-4f2f-b696-c429e2857cbe","","","","","","","","","","","","","","",""
"","37224023","phycis","Lotella phycis (Temminck & Schlegel, 1847)","MORIDAE","Lotella","","phycis","","Valid Name","","Species","","Temminck & Schlegel","1847","N","a0421804-597d-49d5-8d7e-3fc6b92a5a19","20151123T05:35:15.783+0000","6899cdb0-899b-4f08-9837-b29db709cc0f","20151125T23:15:40.328+0000","8e2ba15d-04a6-4688-ac1e-eaa400530b08","6899cdb0-899b-4f08-9837-b29db709cc0f","","","","","","","","","","","","","","",""
"","37224005","rhacina","Lotella rhacina (Forster, 1801)","MORIDAE","Lotella","","rhacina","","Valid Name","","Species","","Forster","1801","N","9418f4b1-5671-489d-a8c9-b1f2c4e2121f","20151123T05:47:01.733+0000","cd0c9315-063c-4a3d-b907-5499c92d2aec","20151125T23:15:40.328+0000","8e2ba15d-04a6-4688-ac1e-eaa400530b08","cd0c9315-063c-4a3d-b907-5499c92d2aec","","","","","","","","","","","","","","",""
"","37232005","nigromaculatus","Lucigadus nigromaculatus (McCulloch, 1907)","MACROURIDAE","Lucigadus","","nigromaculatus","","Valid Name","","Species","","McCulloch","1907","N","cf704e38-8aa1-428d-863f-7e2a3895de0e","20180509T06:25:47.003+0000","afd34110-ccd3-4ff6-ae41-e6d72efd24e0","20180731T05:42:43.637+0000","d055dc55-2b0b-4a50-af22-c2c675390340","afd34110-ccd3-4ff6-ae41-e6d72efd24e0","","","","","","","","","","","","","","",""
"","37346033","adetii","Lutjanus adetii (Castelnau, 1873)","LUTJANIDAE","Lutjanus","","adetii","","Valid Name","","Species","","Castelnau","1873","N","f5036fcd-b8ca-4460-858f-f5f8162dc82a","20131008T23:07:52.756+0000","76d77174-a38d-4e00-85e0-d72b8e4537b6","20131013T22:32:42.337+0000","bab311c5-8736-408a-858b-a672b78660e2","76d77174-a38d-4e00-85e0-d72b8e4537b6","","","","","","","","","","","","","","",""
"","37346029","bohar","Lutjanus bohar (Forsskål, 1775)","LUTJANIDAE","Lutjanus","","bohar","","Valid Name","","Species","","Forsskål","1775","N","5b4ecb26-3dad-455a-96eb-8336a8e5351e","20131008T23:07:52.756+0000","dc01b748-4dea-49a2-87af-1e8cb14a198e","20170531T00:56:50.278+0000","bab311c5-8736-408a-858b-a672b78660e2","dc01b748-4dea-49a2-87af-1e8cb14a198e","","","","","","","","","","","","","","",""
"","37346034","fulviflamma","Lutjanus fulviflamma (Forsskål, 1775)","LUTJANIDAE","Lutjanus","","fulviflamma","","Valid Name","","Species","","Forsskål","1775","N","3b63b547-46c8-4c2e-999c-bc0b6915caab","20131008T23:07:52.756+0000","87ae8681-69f1-4ebb-9807-6c3ee3eca750","20170531T00:56:50.278+0000","bab311c5-8736-408a-858b-a672b78660e2","87ae8681-69f1-4ebb-9807-6c3ee3eca750","","","","","","","","","","","","","","",""
"","37346044","kasmira","Lutjanus kasmira (Forsskål, 1775)","LUTJANIDAE","Lutjanus","","kasmira","","Valid Name","","Species","","Forsskål","1775","N","2324ba22-65d5-42d1-977d-adb53f92cece","20131008T23:07:52.756+0000","519aab45-b35a-4a94-9b8a-597d0755588c","20170531T00:56:50.278+0000","bab311c5-8736-408a-858b-a672b78660e2","519aab45-b35a-4a94-9b8a-597d0755588c","","","","","","","","","","","","","","",""
"","37346006","quinquelineatus","Lutjanus quinquelineatus (Bloch, 1790)","LUTJANIDAE","Lutjanus","","quinquelineatus","","Valid Name","","Species","","Bloch","1790","N","a38c5a69-6f7b-4758-aff0-a98b2161bacc","20131008T23:07:52.756+0000","bac8e18a-2b0b-4dea-bb66-fc063d9280b1","20131023T04:42:42.492+0000","bab311c5-8736-408a-858b-a672b78660e2","bac8e18a-2b0b-4dea-bb66-fc063d9280b1","","","","","","","","","","","","","","",""
"","37428187","wilburi","Macrodontogobius wilburi Herre, 1936","GOBIIDAE","Macrodontogobius","","wilburi","","Valid Name","","Species","","Herre","1936","Y","cd0c742f-edea-4b6b-a6fc-c39e6d1c7c26","20170913T06:44:50.055+0000","6010e19a-e5c3-4ed8-9bf8-e5b3a91f4a4a","20181203T23:02:24.999+0000","42ddc864-a188-487f-b2da-862e26bac835","6010e19a-e5c3-4ed8-9bf8-e5b3a91f4a4a","","","","","","","","","","","","","","",""
"","37384134","choati","Macropharyngodon choati Randall, 1978","LABRIDAE","Macropharyngodon","","choati","","Valid Name","","Species","","Randall","1978","Y","bed6a8f0-f7c1-45a7-b2c5-5cedeba4a58b","20170620T09:28:11.225+0000","01cf2f01-a4a7-4621-be85-c66577751d87","20170727T04:09:21.978+0000","e919ae1e-c0e5-451b-b216-840516e5ad47","01cf2f01-a4a7-4621-be85-c66577751d87","","","","","","","","","","","","","","",""
"","37384136","meleagris","Macropharyngodon meleagris (Valenciennes, 1839)","LABRIDAE","Macropharyngodon","","meleagris","","Valid Name","","Species","","Valenciennes","1839","N","e2d2fbf6-2aa0-4066-929a-9f933330ba94","20170620T09:44:30.616+0000","0d182f7e-23b1-4265-b65d-e3b96806f6c5","20170727T04:09:21.978+0000","e919ae1e-c0e5-451b-b216-840516e5ad47","0d182f7e-23b1-4265-b65d-e3b96806f6c5","","","","","","","","","","","","","","",""
"","37384137","negrosensis","Macropharyngodon negrosensis Herre, 1932","LABRIDAE","Macropharyngodon","","negrosensis","","Valid Name","","Species","","Herre","1932","Y","e931c2a4-fb59-4036-9061-a3995c12ea99","20170629T07:29:16.551+0000","64197b0a-e6f2-44ff-8795-f61181091b58","20170727T04:09:21.978+0000","e919ae1e-c0e5-451b-b216-840516e5ad47","64197b0a-e6f2-44ff-8795-f61181091b58","","","","","","","","","","","","","","",""
"","37279007","gracilis","Macroramphosus gracilis (Lowe, 1839)","CENTRISCIDAE","Macroramphosus","","gracilis","","Valid Name","","Species","","Lowe","1839","N","558c53f4-75fa-4176-a7df-6cc0ae7f4b1a","20170702T09:15:47.677+0000","58172268-6929-4bea-99bb-977319caffa8","20170727T04:24:54.431+0000","96fd4427-9f86-463f-864c-ed1ff1c578c5","58172268-6929-4bea-99bb-977319caffa8","","","","","","","","","","","","","","",""
"","37279002","scolopax","Macroramphosus scolopax (Linnaeus, 1758)","CENTRISCIDAE","Macroramphosus","","scolopax","","Valid Name","","Species","","Linnaeus","1758","N","1c65ad85-625d-4268-b13b-94431b0ea036","20170702T09:17:08.978+0000","8d1058ce-24a9-4ca2-a540-f6896fd5b015","20170727T04:24:54.431+0000","96fd4427-9f86-463f-864c-ed1ff1c578c5","8d1058ce-24a9-4ca2-a540-f6896fd5b015","","","","","","","","","","","","","","",""
"","37444003","nigricans","Makaira nigricans Lacépède, 1802","ISTIOPHORIDAE","Makaira","","nigricans","","Valid Name","","Species","","Lacépède","1802","Y","74e8a17f-10b6-45da-9d85-4d588a0f3c09","20131008T23:07:52.756+0000","858a3a2a-4d1b-4670-a436-872c738341c3","20131008T23:07:52.756+0000","dfacef4d-542c-4955-9367-3d197918a12f","858a3a2a-4d1b-4670-a436-872c738341c3","","","","","","","","","","","","","","",""
"","37331009","brevirostris","Malacanthus brevirostris Guichenot, 1848","MALACANTHIDAE","Malacanthus","","brevirostris","","Valid Name","","Species","","Guichenot","1848","Y","ca0ac3f7-24cf-44d0-bff6-1d22b7fb7e03","20120118T06:48:48.134+0000","b6b38597-fbc0-4cbd-a0a8-bbdbb660ec6c","20121126T23:51:11.072+0000","97b58959-6e64-4a29-a281-f76a9517e270","b6b38597-fbc0-4cbd-a0a8-bbdbb660ec6c","","","","","","","","","","","","","","",""
"","37232007","laevis","Malacocephalus laevis (Lowe, 1843)","MACROURIDAE","Malacocephalus","","laevis","","Valid Name","","Species","","Lowe","1843","N","406e189e-b46b-42a2-9609-3e853690eb63","20180411T22:50:16.904+0000","e81f946b-dedd-4fbd-9709-98cb4c7b3383","20180731T05:42:43.637+0000","ec466bec-3020-44eb-973f-0e030b262a09","e81f946b-dedd-4fbd-9709-98cb4c7b3383","","","","","","","","","","","","","","",""
"","37212040","gigas","Malthopsis gigas Ho & Shao, 2010","OGCOCEPHALIDAE","Malthopsis","","gigas","","Valid Name","","Species","","Ho & Shao","2010","Y","daf7927e-3d7b-4648-9273-07b587649963","20150516T05:47:21.622+0000","3da971e9-0f3e-498a-a232-e49f0dc17b43","20150625T00:28:50.961+0000","8a5af828-898b-499e-9c3e-afa6cd63b5ff","3da971e9-0f3e-498a-a232-e49f0dc17b43","","","","","","","","","","","","","","",""
"","","parva","Malthopsis parva Ho, Roberts & Shao, 2013","OGCOCEPHALIDAE","Malthopsis","","parva","","Valid Name","","Species","","Ho, Roberts & Shao","2013","Y","f7599ff9-aabc-4f60-8592-436101ff7ed6","20150516T06:09:29.643+0000","03495a66-647d-4f6a-a906-1a1255b91899","20150625T00:28:50.961+0000","8a5af828-898b-499e-9c3e-afa6cd63b5ff","03495a66-647d-4f6a-a906-1a1255b91899","","","","","","","","","","","","","","",""
"","37068019","pinguis","Malvoliophis pinguis (Günther, 1872)","OPHICHTHIDAE","Malvoliophis","","pinguis","","Valid Name","","Species","","Günther","1872","N","13e3cdbf-8aec-42a3-8c4e-62826fc319f1","20180813T09:08:40.210+0000","81b070cf-0251-4815-8c7d-a9a5f75e4c6a","20190305T04:57:36.559+0000","8a1f9d81-f1c8-4d60-a54d-3c0ca437cac0","81b070cf-0251-4815-8c7d-a9a5f75e4c6a","","","","","","","","","","","","","","",""
"","37107002","australis","Maurolicus australis Hector, 1875","STERNOPTYCHIDAE","Maurolicus","","australis","","Valid Name","","Species","","Hector","1875","Y","0b555dc4-f981-413d-969c-3969ebeea80b","20081009T05:11:37.000+0000","c417da88-60b9-4baa-a35f-00f30bc518da","20100727T00:03:17.157+0000","6e73ebdf-5d96-4a7b-9b37-1e747f245071","c417da88-60b9-4baa-a35f-00f30bc518da","","","","","","","","","","","","","","",""
"","37287124","raoulensis","Maxillicosta raoulensis Eschmeyer & Poss, 1976","NEOSEBASTIDAE","Maxillicosta","","raoulensis","","Valid Name","","Species","","Eschmeyer & Poss","1976","Y","5bec6e3e-f7e1-4a44-9b23-99a4c2bc89c2","20150420T04:46:47.426+0000","d60c7123-460e-46bd-a22a-ea45c635aad2","20150511T03:34:33.110+0000","8479b61a-e623-4e17-818f-a3fb6e7357fd","d60c7123-460e-46bd-a22a-ea45c635aad2","","","","","","","","","","","","","","",""
"","37408096","phaeus","Meiacanthus phaeus Smith-Vaniz, 1976","BLENNIIDAE","Meiacanthus","","phaeus","","Valid Name","","Species","","Smith-Vaniz","1976","Y","eae7176a-2ee6-488f-8240-65fd78a5f276","20131008T23:07:52.756+0000","6a680667-b2ac-41e5-a03b-17daed9f88fa","20131008T23:07:52.756+0000","e3eccab6-8a10-43b8-ab0b-4bb6038bc522","6a680667-b2ac-41e5-a03b-17daed9f88fa","","","","","","","","","","","","","","",""
"","37224015","gracilis","Melanonus gracilis Günther, 1878","MELANONIDAE","Melanonus","","gracilis","","Valid Name","","Species","","Günther","1878","Y","cb9f395b-110b-4775-966a-027fad45aac8","20150803T02:15:44.591+0000","ad5c4cd1-1988-44a3-9dc4-e30926c268a6","20151125T23:15:40.328+0000","39004643-935f-4196-a53f-63e401f68964","ad5c4cd1-1988-44a3-9dc4-e30926c268a6","","","","","","","","","","","","","","",""
"","37224016","zugmayeri","Melanonus zugmayeri Norman, 1930","MELANONIDAE","Melanonus","","zugmayeri","","Valid Name","","Species","","Norman","1930","Y","1bbe311d-c4b2-4543-b761-f2b3546bff47","20150803T02:09:25.220+0000","f6ce0c81-614e-46d4-b8de-520966445e98","20151125T23:15:40.328+0000","39004643-935f-4196-a53f-63e401f68964","f6ce0c81-614e-46d4-b8de-520966445e98","","","","","","","","","","","","","","",""
"","37269001","multiradiatus","Metavelifer multiradiatus (Regan, 1907)","VELIFERIDAE","Metavelifer","","multiradiatus","","Valid Name","","Species","","Regan","1907","N","b7adb2a8-d2d7-4fea-90c9-2f00b4b1db57","20180627T08:52:38.966+0000","86660d74-c840-4e7d-b5a7-964803f874c0","20180731T05:33:35.120+0000","b486e08d-5fb0-438a-b2c1-57237a531898","86660d74-c840-4e7d-b5a7-964803f874c0","","","","","","","","","","","","","","",""
"","37465005","scabra","Meuschenia scabra (Forster, 1801)","MONACANTHIDAE","Meuschenia","","scabra","","Valid Name","","Species","","Forster","1801","N","744116e5-5682-40d4-9407-22264a71cc4c","20140428T04:53:16.496+0000","5c97a1f1-7acf-4ea6-bf11-3ff4d70da064","20140429T04:00:17.360+0000","a9662b8b-832f-41f7-bebd-cacbb9c24eae","5c97a1f1-7acf-4ea6-bf11-3ff4d70da064","","","","","","","","","","","","","","",""
"","37361005","strigatus","Microcanthus strigatus (Cuvier, 1831)","MICROCANTHIDAE","Microcanthus","","strigatus","","Valid Name","","Species","","Cuvier","1831","N","0fcd0bdf-da51-4892-b859-4e7cc983c056","20131008T23:07:52.756+0000","ba404a36-c227-44c1-a070-08ded1686449","20131009T04:02:40.786+0000","d69f6d23-007b-4e49-bd09-b8b8b4b59435","ba404a36-c227-44c1-a070-08ded1686449","","","","","","","","","","","","","","",""
"","37470001","ramsayi","Mola ramsayi (Giglioli, 1883)","MOLIDAE","Mola","","ramsayi","","Valid Name","","Species","","Giglioli","1883","N","6ce2c993-d8f7-4c46-847c-362dffb4220d","20140428T04:53:16.496+0000","a6344895-0a66-4706-9252-e85caddd3c46","20140429T04:00:17.360+0000","edce1058-0300-4b9e-82c7-ac99d29cae35","a6344895-0a66-4706-9252-e85caddd3c46","","","","","","","","","","","","","","",""
"","37381017","seheli","Moolgarda seheli (Forsskål, 1775)","MUGILIDAE","Moolgarda","","seheli","","Valid Name","","Species","","Forsskål","1775","N","7b172f35-ee28-48ff-a230-d284836b47cc","20140729T10:02:19.195+0000","49fb7865-d185-45fc-a1da-8bf2502d7e1c","20170531T00:56:50.278+0000","fe449be8-b9ce-4c01-87aa-b64e840397ba","49fb7865-d185-45fc-a1da-8bf2502d7e1c","","","","","","","","","","","","","","",""
"","37224002","moro","Mora moro (Risso, 1810)","MORIDAE","Mora","","moro","","Valid Name","","Species","","Risso","1810","N","e13bde35-b515-4ecd-946a-c016dacc45ef","20151123T06:07:03.318+0000","dcce0cb2-c525-41f1-bf75-a7e6556a1103","20151125T23:15:40.328+0000","1c43a087-179c-41c0-9e2b-582b5fde5af5","dcce0cb2-c525-41f1-bf75-a7e6556a1103","","","","","","","","","","","","","","",""
"","37355019","flavolineatus","Mulloidichthys flavolineatus (Lacépède, 1801)","MULLIDAE","Mulloidichthys","","flavolineatus","","Valid Name","","Species","","Lacépède","1801","N","9eea27aa-a130-4278-b406-4eba58af6063","20150119T06:22:48.908+0000","e999fdfa-d066-45f3-a98b-0aa2587ab6e6","20180601T06:01:16.340+0000","405159e2-4645-4105-896d-ffb55844b94f","e999fdfa-d066-45f3-a98b-0aa2587ab6e6","","","","","","","","","","","","","","",""
"","37355020","vanicolensis","Mulloidichthys vanicolensis (Valenciennes, 1831)","MULLIDAE","Mulloidichthys","","vanicolensis","","Valid Name","","Species","","Valenciennes","1831","N","09d982d3-231e-4ce1-936e-90a5b60827e8","20150209T06:04:19.560+0000","ac5ce634-d054-407b-bb80-e7208b22a38a","20180601T06:01:16.340+0000","405159e2-4645-4105-896d-ffb55844b94f","ac5ce634-d054-407b-bb80-e7208b22a38a","","","","","","","","","","","","","","",""
"","37122009","asperum","Myctophum asperum Richardson, 1845","MYCTOPHIDAE","Myctophum","","asperum","","Valid Name","","Species","","Richardson","1845","Y","67297c7d-98d0-480a-aae5-040ea2fc5f51","20081009T05:11:37.000+0000","86de5e2c-5f8d-402a-8158-eb2c83b4deb2","20100727T00:07:22.682+0000","2cd75b77-2ef8-4102-a858-14ca1049da0a","86de5e2c-5f8d-402a-8158-eb2c83b4deb2","","","","","","","","","","","","","","",""
"","37122056","nitidulum","Myctophum nitidulum Garman, 1899","MYCTOPHIDAE","Myctophum","","nitidulum","","Valid Name","","Species","","Garman","1899","Y","c59a35a3-37ae-44b1-afb3-3fc89eba5f7b","20081009T05:11:37.000+0000","c4352a8e-4fe0-4247-8634-9794fee0997b","20100727T00:07:22.682+0000","2cd75b77-2ef8-4102-a858-14ca1049da0a","c4352a8e-4fe0-4247-8634-9794fee0997b","","","","","","","","","","","","","","",""
"","37122099","obtusirostre","Myctophum obtusirostre Tåning, 1928","MYCTOPHIDAE","Myctophum","","obtusirostre","","Valid Name","","Species","","Tåning","1928","Y","4401e9c4-65ba-4691-bf6b-669b059b6ad5","20081009T05:11:37.000+0000","20595ebf-5321-426f-8175-e2753604c80e","20100727T00:07:22.682+0000","2cd75b77-2ef8-4102-a858-14ca1049da0a","20595ebf-5321-426f-8175-e2753604c80e","","","","","","","","","","","","","","",""
"","37122003","phengodes","Myctophum phengodes (Lütken, 1892)","MYCTOPHIDAE","Myctophum","","phengodes","","Valid Name","","Species","","Lütken","1892","N","f654cac0-c53c-4002-8c2f-91270dfe82a7","20081009T05:11:37.000+0000","052b72de-f414-4e59-aed3-fc7578455052","20100727T00:07:22.682+0000","2cd75b77-2ef8-4102-a858-14ca1049da0a","052b72de-f414-4e59-aed3-fc7578455052","","","","","","","","","","","","","","",""
"","37122101","spinosum","Myctophum spinosum (Steindachner, 1867)","MYCTOPHIDAE","Myctophum","","spinosum","","Valid Name","","Species","","Steindachner","1867","N","b6891f13-4f39-4971-85f9-c250ff52a1b9","20081009T05:11:37.000+0000","63f41177-72cf-49cc-bf16-bb865e08c6d1","20100727T00:07:22.682+0000","2cd75b77-2ef8-4102-a858-14ca1049da0a","63f41177-72cf-49cc-bf16-bb865e08c6d1","","","","","","","","","","","","","","",""
"","37068025","colubrinus","Myrichthys colubrinus (Boddaert, 1781)","OPHICHTHIDAE","Myrichthys","","colubrinus","","Valid Name","","Species","","Boddaert","1781","N","c03714b6-63e3-4ac3-a09c-564982a891e3","20180813T09:17:02.481+0000","eb19c9b2-6bf0-4053-8371-e10b9bf3227e","20190305T04:57:36.559+0000","25a7cfec-d024-4f89-8deb-03085da6aeb7","eb19c9b2-6bf0-4053-8371-e10b9bf3227e","","","","","","","","","","","","","","",""
"","37068026","maculosus","Myrichthys maculosus (Cuvier, 1816)","OPHICHTHIDAE","Myrichthys","","maculosus","","Valid Name","","Species","","Cuvier","1816","N","059211b8-ebd8-47a6-b7f6-68a866a576c8","20180813T09:18:12.677+0000","659fdbd7-1f06-4393-8a07-91b52e9d4c88","20190305T04:57:36.559+0000","25a7cfec-d024-4f89-8deb-03085da6aeb7","659fdbd7-1f06-4393-8a07-91b52e9d4c88","","","","","","","","","","","","","","",""
"","37261006","berndti","Myripristis berndti Jordan & Evermann, 1905","HOLOCENTRIDAE","Myripristis","","berndti","","Valid Name","","Species","","Jordan & Evermann","1905","Y","0f5a716d-60d9-4d10-8da3-3dcef9745a1a","20160520T07:21:51.037+0000","d57b6611-933c-4959-9327-7773049068a0","20160606T05:15:12.352+0000","0df959cc-5170-41d7-9b19-baf928dd058d","d57b6611-933c-4959-9327-7773049068a0","","","","","","","","","","","","","","",""
"","37261011","kuntee","Myripristis kuntee Valenciennes, 1831","HOLOCENTRIDAE","Myripristis","","kuntee","","Valid Name","","Species","","Valenciennes","1831","Y","dd7b16c0-29a7-43d8-81fb-20f558456e09","20151106T08:28:48.482+0000","d52542cc-988e-43d1-8dab-158ca730945d","20160606T05:15:12.352+0000","0df959cc-5170-41d7-9b19-baf928dd058d","d52542cc-988e-43d1-8dab-158ca730945d","","","","","","","","","","","","","","",""
"","37261002","murdjan","Myripristis murdjan (Forsskål, 1775)","HOLOCENTRIDAE","Myripristis","","murdjan","","Valid Name","","Species","","Forsskål","1775","N","2f1862ba-4fbc-49e9-b635-e94d5f7249fc","20151217T06:57:46.065+0000","b72583e5-e4f1-4071-a7d8-b650f119dc94","20170531T00:56:50.278+0000","0df959cc-5170-41d7-9b19-baf928dd058d","b72583e5-e4f1-4071-a7d8-b650f119dc94","","","","","","","","","","","","","","",""
"","37381003","elongatus","Myxus elongatus Günther, 1861","MUGILIDAE","Myxus","","elongatus","","Valid Name","","Species","","Günther","1861","Y","7c031df2-aa26-488c-87ee-05c744350fa2","20130820T03:31:46.887+0000","0d6e1300-afd9-45f6-ba5e-097785b074b4","20150412T22:45:29.442+0000","21ec9031-4430-4993-8e2a-52c8c6da1e5a","0d6e1300-afd9-45f6-ba5e-097785b074b4","","","","","","","","","","","","","","",""
"","37114026","stomias","Narcetes stomias (Gilbert, 1890)","ALEPOCEPHALIDAE","Narcetes","","stomias","","Valid Name","","Species","","Gilbert","1890","N","57dd74e2-28c4-4210-948b-557e410893b1","20160523T00:06:44.378+0000","68346b9c-45f2-4b58-bec0-8dbfee769a8d","20160606T05:32:28.811+0000","3ece3bb6-bfce-49ea-ba00-e4b606a2fda4","68346b9c-45f2-4b58-bec0-8dbfee769a8d","","","","","","","","","","","","","","",""
"","37437024","annulatus","Naso annulatus (Quoy & Gaimard, 1825)","ACANTHURIDAE","Naso","","annulatus","","Valid Name","","Species","","Quoy & Gaimard","1825","N","0d0d34f6-d815-4d4f-9d60-694fc659f6c1","20131008T23:07:52.756+0000","daa118ea-4bcf-42b0-ada6-5df92aa5f5ce","20131008T23:07:52.756+0000","454ce794-b914-420d-9317-ed3a4133973a","daa118ea-4bcf-42b0-ada6-5df92aa5f5ce","","","","","","","","","","","","","","",""
"","37437026","brevirostris","Naso brevirostris (Cuvier, 1829)","ACANTHURIDAE","Naso","","brevirostris","","Valid Name","","Species","","Cuvier","1829","N","000395e0-b52b-4f35-ad02-f88199317612","20131008T23:07:52.756+0000","e75aed13-e9e5-4bcd-b99c-a7d8d85be8fe","20131008T23:07:52.756+0000","454ce794-b914-420d-9317-ed3a4133973a","e75aed13-e9e5-4bcd-b99c-a7d8d85be8fe","","","","","","","","","","","","","","",""
"","37437046","caesius","Naso caesius Randall & Bell, 1992","ACANTHURIDAE","Naso","","caesius","","Valid Name","","Species","","Randall & Bell","1992","Y","b6c5df4a-6607-40de-bb43-8a7fc7951028","20131008T23:07:52.756+0000","62f6de65-31d0-4ea7-9084-2ca08b62c957","20131008T23:07:52.756+0000","454ce794-b914-420d-9317-ed3a4133973a","62f6de65-31d0-4ea7-9084-2ca08b62c957","","","","","","","","","","","","","","",""
"","37437028","hexacanthus","Naso hexacanthus (Bleeker, 1855)","ACANTHURIDAE","Naso","","hexacanthus","","Valid Name","","Species","","Bleeker","1855","N","8ea09d7d-8556-4794-a9f0-2d34f515018d","20131008T23:07:52.756+0000","f095717e-3693-4fa2-b60c-fc3758244be4","20131008T23:07:52.756+0000","454ce794-b914-420d-9317-ed3a4133973a","f095717e-3693-4fa2-b60c-fc3758244be4","","","","","","","","","","","","","","",""
"","37437038","maculatus","Naso maculatus Randall & Struhsaker, 1981","ACANTHURIDAE","Naso","","maculatus","","Valid Name","","Species","","Randall & Struhsaker","1981","Y","bed5e283-1a81-494f-b720-a339ab229e6c","20130606T06:52:05.549+0000","09192c56-5530-4a5b-aa90-6fd0ccffab47","20130611T01:04:34.221+0000","454ce794-b914-420d-9317-ed3a4133973a","09192c56-5530-4a5b-aa90-6fd0ccffab47","","","","","","","","","","","","","","",""
"","37437031","unicornis","Naso unicornis (Forsskål, 1775)","ACANTHURIDAE","Naso","","unicornis","","Valid Name","","Species","","Forsskål","1775","N","470579e6-f7d4-42d5-a2f2-df92170ba7ad","20131008T23:07:52.756+0000","77e6aaa1-c350-4ab1-8f71-002963292af1","20170531T00:56:50.278+0000","454ce794-b914-420d-9317-ed3a4133973a","77e6aaa1-c350-4ab1-8f71-002963292af1","","","","","","","","","","","","","","",""
"","37437032","vlamingii","Naso vlamingii (Valenciennes, 1835)","ACANTHURIDAE","Naso","","vlamingii","","Valid Name","","Species","","Valenciennes","1835","N","87151e53-90c0-4d17-b36f-d1313c605590","20131008T23:07:52.756+0000","67018b07-b917-4101-a695-f6ded5f04d8b","20131008T23:07:52.756+0000","454ce794-b914-420d-9317-ed3a4133973a","67018b07-b917-4101-a695-f6ded5f04d8b","","","","","","","","","","","","","","",""
"","37337040","ductor","Naucrates ductor (Linnaeus, 1758)","CARANGIDAE","Naucrates","","ductor","","Valid Name","","Species","","Linnaeus","1758","N","4563c348-4be2-4796-98c2-2b400e2d1b93","20121213T05:05:37.372+0000","7f408b32-7f52-4050-aa37-902dd9f61897","20121213T07:07:48.331+0000","f18d8646-7321-4924-b0e7-325b7fc0c090","7f408b32-7f52-4050-aa37-902dd9f61897","","","","","","","","","","","","","","",""
"","37439011","tripes","Nealotus tripes Johnson, 1865","GEMPYLIDAE","Nealotus","","tripes","","Valid Name","","Species","","Johnson","1865","Y","3591e6ff-e735-49dd-b152-691fa1179dd0","20131008T23:07:52.756+0000","6b65cbc9-0076-4b61-ac89-3250c9d27c8b","20131008T23:07:52.756+0000","b9a3f4ef-e912-4c1e-971c-c7705d3e99b1","6b65cbc9-0076-4b61-ac89-3250c9d27c8b","","","","","","","","","","","","","","",""
"","37076005","scolopaceus","Nemichthys scolopaceus Richardson, 1848","NEMICHTHYIDAE","Nemichthys","","scolopaceus","","Valid Name","","Species","","Richardson","1848","Y","fb848c89-5250-4fee-b3e8-f39b91393ebb","20180808T04:38:26.422+0000","f22f1990-2442-41a7-a8e7-a8818ad57c94","20190305T04:57:36.559+0000","34202d63-0eaa-4f2d-8293-8083d67e23ed","f22f1990-2442-41a7-a8e7-a8818ad57c94","","","","","","","","","","","","","","",""
"","37266001","rhomboidalis","Neocyttus rhomboidalis Gilchrist, 1906","OREOSOMATIDAE","Neocyttus","","rhomboidalis","","Valid Name","","Species","","Gilchrist","1906","Y","9cfb60cb-1c4a-410f-a64a-99a471980ab3","20130506T02:42:41.804+0000","04a69832-f979-4b05-aa28-8a1db09e7127","20140807T05:30:48.119+0000","b98e2aaf-e363-4a9b-bd03-ad5f14fbe85c","04a69832-f979-4b05-aa28-8a1db09e7127","","","","","","","","","","","","","","",""
"","37372086","polyacanthus","Neoglyphidodon polyacanthus (Ogilby, 1889)","POMACENTRIDAE","Neoglyphidodon","","polyacanthus","","Valid Name","","Species","","Ogilby","1889","N","29b08d2e-24ef-45fd-ada7-8f4961eea23b","20170520T05:45:23.249+0000","556d9a6c-0088-419b-930c-cab07ced7985","20170727T04:09:21.978+0000","2d7bb02b-6740-41ee-ab18-ef9160a261fb","556d9a6c-0088-419b-930c-cab07ced7985","","","","","","","","","","","","","","",""
"","37261019","sammara","Neoniphon sammara (Forsskål, 1775)","HOLOCENTRIDAE","Neoniphon","","sammara","","Valid Name","","Species","","Forsskål","1775","N","26bfa8e0-272e-4592-8fce-b777c4654c2e","20160518T04:46:09.729+0000","91108e24-b96a-421c-8521-a2f70530856c","20170531T00:56:50.278+0000","9affa690-128c-479a-a8f4-00e33ffd7967","91108e24-b96a-421c-8521-a2f70530856c","","","","","","","","","","","","","","",""
"","37073002","ingolfianus","Nessorhamphus ingolfianus (Schmidt, 1912)","DERICHTHYIDAE","Nessorhamphus","","ingolfianus","","Valid Name","","Species","","Schmidt","1912","N","8c5c0ac8-ce09-4505-a682-5452d2436fe6","20180807T04:12:57.576+0000","97168f42-33be-403f-9757-5368646d933e","20190305T04:57:36.559+0000","8c07c1be-9470-4491-af16-b0c73b01ff3d","97168f42-33be-403f-9757-5368646d933e","","","","","","","","","","","","","","",""
"","37065001","parviceps","Nettastoma parviceps Günther, 1877","NETTASTOMATIDAE","Nettastoma","","parviceps","","Valid Name","","Species","","Günther","1877","Y","7a70977a-b0a7-4735-bf73-1d4a9ab729b9","20180808T04:59:07.879+0000","24913a2d-6ce9-45d8-b008-aa2a6c9dd97f","20190305T04:57:36.559+0000","9989d99a-323b-4a99-a1cd-aafdc15db8d4","24913a2d-6ce9-45d8-b008-aa2a6c9dd97f","","","","","","","","","","","","","","",""
"","37232102","coheni","Nezumia coheni Iwamoto & Merrett, 1997","MACROURIDAE","Nezumia","","coheni","","Valid Name","","Species","","Iwamoto & Merrett","1997","Y","6e35c91c-4771-4d66-ba30-1f4a04b4a20b","20180512T05:25:01.569+0000","38b625e6-8542-47ad-9f34-6241994179c9","20180731T05:42:43.637+0000","e63a288e-1b55-4f53-8437-ab433e00a75d","38b625e6-8542-47ad-9f34-6241994179c9","","","","","","","","","","","","","","",""
"","37232066","namatahi","Nezumia namatahi McCann & McKnight, 1980","MACROURIDAE","Nezumia","","namatahi","","Valid Name","","Species","","McCann & McKnight","1980","Y","a4d950ed-611f-4281-8e11-7f779f4a58b4","20180411T22:50:16.904+0000","35c72c24-e8b6-45ca-9b42-ec928a809053","20180731T05:42:43.637+0000","e63a288e-1b55-4f53-8437-ab433e00a75d","35c72c24-e8b6-45ca-9b42-ec928a809053","","","","","","","","","","","","","","",""
"","37232067","propinqua","Nezumia propinqua (Gilbert & Cramer, 1897)","MACROURIDAE","Nezumia","","propinqua","","Valid Name","","Species","","Gilbert & Cramer","1897","N","f5c4c2aa-bcb2-4bf0-b7c3-cfda7c8b7383","20180411T22:50:16.904+0000","5ce2a6e5-0b20-4d8d-9056-500c8c1bcb9e","20180731T05:42:43.637+0000","e63a288e-1b55-4f53-8437-ab433e00a75d","5ce2a6e5-0b20-4d8d-9056-500c8c1bcb9e","","","","","","","","","","","","","","",""
"","37446009","gronovii","Nomeus gronovii (Gmelin, 1789)","NOMEIDAE","Nomeus","","gronovii","","Valid Name","","Species","","Gmelin","1789","N","d9bf48b8-09e2-4c8d-905c-3d6edee14e14","20131008T23:07:52.756+0000","e472f64a-baaa-4189-ab52-bd78afe0a511","20131008T23:07:52.756+0000","748c8258-fd39-47fe-90cb-2af4afd09ef9","e472f64a-baaa-4189-ab52-bd78afe0a511","","","","","","","","","","","","","","",""
"","37415025","squamiceps","Norfolkia squamiceps (McCulloch & Waite, 1916)","TRIPTERYGIIDAE","Norfolkia","","squamiceps","","Valid Name","","Species","","McCulloch & Waite","1916","N","f460ace0-d665-4497-8484-2fba8dca772f","20131014T03:42:37.534+0000","8050c06f-07af-4002-81bf-1008463b73c1","20131014T03:42:37.534+0000","1fed2d64-8b73-4ee5-ad80-0a30c07e9136","8050c06f-07af-4002-81bf-1008463b73c1","","","","","","","","","","","","","","",""
"","37083002","chemnitzii","Notacanthus chemnitzii Bloch, 1788","NOTACANTHIDAE","Notacanthus","","chemnitzii","","Valid Name","","Species","","Bloch","1788","Y","363be958-2362-42fb-b832-7e73c78a4983","20180802T08:43:17.238+0000","26cd0bc2-c622-4048-b85f-13b71fcab919","20190305T04:57:36.559+0000","4dc23194-24bd-4342-9673-9b7a966ec85d","26cd0bc2-c622-4048-b85f-13b71fcab919","","","","","","","","","","","","","","",""
"","37083001","sexspinis","Notacanthus sexspinis Richardson, 1846","NOTACANTHIDAE","Notacanthus","","sexspinis","","Valid Name","","Species","","Richardson","1846","Y","d6035fda-7112-4f49-88bc-60151b764523","20180228T03:58:49.101+0000","c336852a-56e2-4ffc-b34a-d2d4478db676","20190305T04:57:36.559+0000","4dc23194-24bd-4342-9673-9b7a966ec85d","c336852a-56e2-4ffc-b34a-d2d4478db676","","","","","","","","","","","","","","",""
"","37374012","splendens","Notocirrhitus splendens (Ogilby, 1889)","CIRRHITIDAE","Notocirrhitus","","splendens","","Valid Name","","Species","","Ogilby","1889","N","4ac6565c-ea12-4203-9b05-5d5b6c1fda5e","20131008T23:07:52.756+0000","bfa5a84b-235c-4c51-af90-5ca9d551e30b","20131008T23:07:52.756+0000","92a50e8b-a519-46b0-a5f9-006310a3faf5","bfa5a84b-235c-4c51-af90-5ca9d551e30b","","","","","","","","","","","","","","",""
"","37384021","fucicola","Notolabrus fucicola (Richardson, 1840)","LABRIDAE","Notolabrus","","fucicola","","Valid Name","","Species","","Richardson","1840","N","941e7bd8-c8b4-4e39-a7c9-7c1bed1b050a","20170621T13:54:40.447+0000","320bbe44-e8b3-4a90-abdc-e931910e3297","20170727T04:09:21.978+0000","15e80bb3-e392-45bf-b9c6-6efd1ff16618","320bbe44-e8b3-4a90-abdc-e931910e3297","","","","","","","","","","","","","","",""
"","37384041","gymnogenis","Notolabrus gymnogenis (Günther, 1862)","LABRIDAE","Notolabrus","","gymnogenis","","Valid Name","","Species","","Günther","1862","N","86d9bf19-e423-4f4d-a539-9d047d6b63fc","20170621T14:25:56.302+0000","f86df673-cfaf-41b9-80c7-dc6219458ecb","20170727T04:09:21.978+0000","15e80bb3-e392-45bf-b9c6-6efd1ff16618","f86df673-cfaf-41b9-80c7-dc6219458ecb","","","","","","","","","","","","","","",""
"","37384139","inscriptus","Notolabrus inscriptus (Richardson, 1848)","LABRIDAE","Notolabrus","","inscriptus","","Valid Name","","Species","","Richardson","1848","N","2494a218-0048-4c57-a91c-0f8a2dff3a73","20170622T05:16:10.830+0000","157e3980-7a9f-4838-9323-00828292e251","20170727T04:09:21.978+0000","15e80bb3-e392-45bf-b9c6-6efd1ff16618","157e3980-7a9f-4838-9323-00828292e251","","","","","","","","","","","","","","",""
"","37122022","resplendens","Notoscopelus resplendens (Richardson, 1845)","MYCTOPHIDAE","Notoscopelus","","resplendens","","Valid Name","","Species","","Richardson","1845","N","ae6bcd58-0431-44b3-b3c3-74e660ba60fb","20081009T05:11:37.000+0000","9b35fd81-cfa1-46f1-b80b-3096038ba480","20100727T00:07:22.682+0000","20af1873-cec8-448e-b641-d637f270bbd5","9b35fd81-cfa1-46f1-b80b-3096038ba480","","","","","","","","","","","","","","",""
"","37384140","taeniourus","Novaculichthys taeniourus (Lacépède, 1801)","LABRIDAE","Novaculichthys","","taeniourus","","Valid Name","","Species","","Lacépède","1801","N","8a319154-171e-4861-aea5-e0e06e835ccf","20170628T05:13:37.713+0000","53e52f0c-f23e-4971-8304-8ba607b17b28","20170727T04:09:21.978+0000","efef45df-3c45-45e0-af82-326c3c9e5374","53e52f0c-f23e-4971-8304-8ba607b17b28","","","","","","","","","","","","","","",""
"","37384182","macrolepidotus","Novaculoides macrolepidotus (Bloch, 1791)","LABRIDAE","Novaculoides","","macrolepidotus","","Valid Name","","Species","","Bloch","1791","N","dd4c3987-da80-4325-b8eb-f91594c04663","20170622T06:24:58.654+0000","9cb19a22-de8d-43d1-963f-327160624b20","20170727T04:09:21.978+0000","0c7daaef-a0a0-4eb8-8d6e-ddc7b4d859e0","9cb19a22-de8d-43d1-963f-327160624b20","","","","","","","","","","","","","","",""
"","37384205","pastellus","Novaculops pastellus (Randall, Earle & Rocha, 2008)","LABRIDAE","Novaculops","","pastellus","","Valid Name","","Species","","Randall, Earle & Rocha","2008","N","3e65e8f4-d9f2-4984-b43e-bc2a1bb6cb72","20170629T07:36:43.645+0000","2e89c2c1-8f0e-4b67-900e-c746dcc7477e","20170727T04:09:21.978+0000","d8edc4ac-2364-48d7-bbe5-0a1f28f96265","2e89c2c1-8f0e-4b67-900e-c746dcc7477e","","","","","","","","","","","","","","",""
"","37229013","fowleri","Onuxodon fowleri (Smith, 1955)","CARAPIDAE","Onuxodon","","fowleri","","Valid Name","","Species","","Smith","1955","N","050b4cfe-9fa7-4246-a389-100c998cb9e3","20150517T06:32:51.572+0000","c225336d-9598-4fd7-beae-68b3ba5caee9","20150622T00:52:33.563+0000","98c536e4-fe59-42ad-9f29-c3d42121b166","c225336d-9598-4fd7-beae-68b3ba5caee9","","","","","","","","","","","","","","",""
"","37068030","altipennis","Ophichthus altipennis (Kaup, 1856)","OPHICHTHIDAE","Ophichthus","","altipennis","","Valid Name","","Species","","Kaup","1856","N","a5e85119-71ca-42ec-9b50-305ff632595a","20180713T07:38:59.634+0000","f3276e1e-4fa2-4680-84ce-268d35713d9a","20190305T04:57:36.559+0000","5b61fb8c-7623-4903-b531-4d3f8fcf5e95","f3276e1e-4fa2-4680-84ce-268d35713d9a","","","","","","","","","","","","","","",""
"","37388016","elizabethensis","Opistognathus elizabethensis Smith-Vaniz, 2004","OPISTOGNATHIDAE","Opistognathus","","elizabethensis","","Valid Name","","Species","","Smith-Vaniz","2004","Y","1517cac4-1113-47bd-a9e6-c0bbaf26de41","20110418T10:04:48.112+0000","32106d93-75da-4318-99c0-5658d0d22f0c","20121123T01:03:22.607+0000","f254dce3-36cd-4096-8c8d-514215d2fbf2","32106d93-75da-4318-99c0-5658d0d22f0c","","","","","","","","","","","","","","",""
"","37255007","agastos","Optivus agastos Gomon, 2004","TRACHICHTHYIDAE","Optivus","","agastos","","Valid Name","","Species","","Gomon","2004","Y","32bee840-4b9b-40f8-933d-b6057ae135ac","20151207T05:31:09.638+0000","c23ed15e-addb-447d-a5ef-397b30185e2a","20160606T05:15:12.352+0000","b02e58eb-f328-47e4-9ac0-9e03929c61e9","c23ed15e-addb-447d-a5ef-397b30185e2a","","","","","","","","","","","","","","",""
"","37266002","atlanticum","Oreosoma atlanticum Cuvier, 1829","OREOSOMATIDAE","Oreosoma","","atlanticum","","Valid Name","","Species","","Cuvier","1829","Y","57db9493-2b83-4425-a51a-0fb1cc8f55ba","20130506T02:45:56.061+0000","770785db-7550-4606-a847-e46e36b23bc8","20130506T04:26:12.282+0000","db9ebabf-a20e-44c2-a195-ddd332cd2c4c","770785db-7550-4606-a847-e46e36b23bc8","","","","","","","","","","","","","","",""
"","37327020","aureus","Ostorhinchus aureus (Lacépède, 1802)","APOGONIDAE","Ostorhinchus","","aureus","","Valid Name","","Species","","Lacépède","1802","N","ff3cefd3-d762-440b-975a-8ab463dcd6a9","20140806T01:08:46.507+0000","e42f55c6-1da9-491d-8c1b-94a9430e5c06","20150222T20:47:51.319+0000","14f75e57-9525-4295-9ad0-ab015d9ab99b","e42f55c6-1da9-491d-8c1b-94a9430e5c06","","","","","","","","","","","","","","",""
"","37327049","compressus","Ostorhinchus compressus (Smith & Radcliffe, 1911)","APOGONIDAE","Ostorhinchus","","compressus","","Valid Name","","Species","","Smith & Radcliffe","1911","N","a789f36b-9e6f-4a3b-8931-26a800ed89db","20140806T01:08:46.507+0000","b1385c02-95dc-4cae-bd06-d71e0643611e","20150222T20:47:51.319+0000","14f75e57-9525-4295-9ad0-ab015d9ab99b","b1385c02-95dc-4cae-bd06-d71e0643611e","","","","","","","","","","","","","","",""
"","37327053","doederleini","Ostorhinchus doederleini (Jordan & Snyder, 1901)","APOGONIDAE","Ostorhinchus","","doederleini","","Valid Name","","Species","","Jordan & Snyder","1901","N","415afe73-4826-4eb4-b377-00b4d0499e52","20140806T01:08:46.507+0000","253bfce8-a367-45b5-9fdc-7c125b0d02fd","20150222T20:47:51.319+0000","14f75e57-9525-4295-9ad0-ab015d9ab99b","253bfce8-a367-45b5-9fdc-7c125b0d02fd","","","","","","","","","","","","","","",""
"","37327126","flavus","Ostorhinchus flavus (Allen & Randall, 1993)","APOGONIDAE","Ostorhinchus","","flavus","","Valid Name","","Species","","Allen & Randall","1993","N","a77f31f6-c0fd-4322-93fb-3e6b8ff4c403","20140806T01:08:46.507+0000","e639284d-0c3d-4899-a717-268d593c2b8c","20150222T20:47:51.319+0000","14f75e57-9525-4295-9ad0-ab015d9ab99b","e639284d-0c3d-4899-a717-268d593c2b8c","","","","","","","","","","","","","","",""
"","37327068","nigrofasciatus","Ostorhinchus nigrofasciatus (Lachner, 1953)","APOGONIDAE","Ostorhinchus","","nigrofasciatus","","Valid Name","","Species","","Lachner","1953","N","ba2679df-5f29-4ad2-a2e8-ccadbf265c4b","20140806T01:08:46.507+0000","cb92c5ea-df44-4828-a961-867d21f363ca","20150222T20:47:51.319+0000","14f75e57-9525-4295-9ad0-ab015d9ab99b","cb92c5ea-df44-4828-a961-867d21f363ca","","","","","","","","","","","","","","",""
"","37327124","norfolcensis","Ostorhinchus norfolcensis (Ogilby, 1888)","APOGONIDAE","Ostorhinchus","","norfolcensis","","Valid Name","","Species","","Ogilby","1888","N","73d08c63-9535-4fbf-a02f-be6254d34cfb","20140806T01:08:46.507+0000","db814a9f-9fd0-4c25-bcfb-b46c27c1f82b","20150222T20:47:51.319+0000","14f75e57-9525-4295-9ad0-ab015d9ab99b","db814a9f-9fd0-4c25-bcfb-b46c27c1f82b","","","","","","","","","","","","","","",""
"","37466013","cubicus","Ostracion cubicus Linnaeus, 1758","OSTRACIIDAE","Ostracion","","cubicus","","Valid Name","","Species","","Linnaeus","1758","Y","9abdb586-b946-4496-bb42-391efe4c0400","20140428T04:53:16.496+0000","f66d9590-782c-40f6-80d5-dfb2733e39da","20140429T04:00:17.360+0000","43358cc5-1850-467a-962d-5361296c557e","f66d9590-782c-40f6-80d5-dfb2733e39da","","","","","","","","","","","","","","",""
"","37466019","meleagris","Ostracion meleagris Shaw, 1796","OSTRACIIDAE","Ostracion","","meleagris","","Valid Name","","Species","","Shaw","1796","Y","6a42a300-ea0d-4587-bd25-ffab047fe7e2","20140428T04:53:16.496+0000","02b932b5-5375-4b3a-a366-fc2e3cc62b60","20140429T04:00:17.360+0000","43358cc5-1850-467a-962d-5361296c557e","02b932b5-5375-4b3a-a366-fc2e3cc62b60","","","","","","","","","","","","","","",""
"","37384063","bimaculatus","Oxycheilinus bimaculatus (Valenciennes, 1840)","LABRIDAE","Oxycheilinus","","bimaculatus","","Valid Name","","Species","","Valenciennes","1840","N","c6b4ef50-c933-4dd3-8466-ec29b319c929","20170623T09:26:45.634+0000","0dc9f37d-a407-48c7-9cc5-60a638836364","20170727T04:09:21.978+0000","b4b1b7a2-e6b3-4659-ad0c-8fb0e43ea6a7","0dc9f37d-a407-48c7-9cc5-60a638836364","","","","","","","","","","","","","","",""
"","37384065","digramma","Oxycheilinus digramma (Lacépède, 1801)","LABRIDAE","Oxycheilinus","","digramma","","Valid Name","","Species","","Lacépède","1801","N","52484fd5-c862-462d-b198-17f3a44bd5a4","20170623T09:52:55.235+0000","9e895ed7-131b-4e7c-b3bf-961a2fd71e57","20170727T04:09:21.978+0000","b4b1b7a2-e6b3-4659-ad0c-8fb0e43ea6a7","9e895ed7-131b-4e7c-b3bf-961a2fd71e57","","","","","","","","","","","","","","",""
"","37384068","unifasciatus","Oxycheilinus unifasciatus (Streets, 1877)","LABRIDAE","Oxycheilinus","","unifasciatus","","Valid Name","","Species","","Streets","1877","N","efe8b588-6f43-4eee-8db9-6839665ef753","20170623T10:31:13.876+0000","20f854bd-a328-408e-a473-8e962ddab971","20170727T04:09:21.978+0000","b4b1b7a2-e6b3-4659-ad0c-8fb0e43ea6a7","20f854bd-a328-408e-a473-8e962ddab971","","","","","","","","","","","","","","",""
"","37465062","longirostris","Oxymonacanthus longirostris (Bloch & Schneider, 1801)","MONACANTHIDAE","Oxymonacanthus","","longirostris","","Valid Name","","Species","","Bloch & Schneider","1801","N","b8941a08-05c4-4fcb-942e-7440ea7e9590","20140428T04:53:16.496+0000","0b77626e-665c-468f-8588-1936e46ae651","20140429T04:00:17.360+0000","df8457da-2738-4737-80eb-ce74fa16654b","0b77626e-665c-468f-8588-1936e46ae651","","","","","","","","","","","","","","",""
"","37021001","bruniensis","Oxynotus bruniensis (Ogilby, 1893)","OXYNOTIDAE","Oxynotus","","bruniensis","","Valid Name","","Species","","Ogilby","1893","N","f07191e6-8188-4744-87c9-476b07a77b59","20110902T08:35:33.638+0000","984501ca-ec88-4dd3-947d-bc1b39d22b3e","20120416T05:24:25.862+0000","97d6c4a3-1454-4c55-9125-04b395b88fd7","984501ca-ec88-4dd3-947d-bc1b39d22b3e","","","","","","","","","","","","","","",""
"","37346069","gonzalesi","Paracaesio gonzalesi Fourmanoir & Rivaton, 1979","LUTJANIDAE","Paracaesio","","gonzalesi","","Valid Name","","Species","","Fourmanoir & Rivaton","1979","Y","42d1bab4-7266-41d9-9a5c-ec704997919b","20121218T00:11:25.366+0000","36c42bd5-c971-4ff7-8bbe-08d40d7ed44a","20121218T01:11:08.374+0000","b8c017e1-9303-49a3-a82c-f01c84905002","36c42bd5-c971-4ff7-8bbe-08d40d7ed44a","","","","","","","","","","","","","","",""
"","37346049","xanthurus","Paracaesio xanthurus (Bleeker, 1869)","LUTJANIDAE","Paracaesio","","xanthurus","","Valid Name","","Species","","Bleeker","1869","N","36ea488e-0d96-4eaa-96e1-334d742763ca","20131008T23:07:52.756+0000","3c028e53-8bf6-465b-bbd5-1b3ebef8f8b7","20131008T23:07:52.756+0000","b8c017e1-9303-49a3-a82c-f01c84905002","3c028e53-8bf6-465b-bbd5-1b3ebef8f8b7","","","","","","","","","","","","","","",""
"","37374010","forsteri","Paracirrhites forsteri (Schneider, 1801)","CIRRHITIDAE","Paracirrhites","","forsteri","","Valid Name","","Species","","Schneider","1801","N","518b64cd-d4a4-4361-a83f-092a11241563","20131008T23:07:52.756+0000","f04c728c-139a-49bf-930c-66ab27b0e6b1","20131121T06:13:26.437+0000","856bbf99-9256-4f56-997c-29c6ee1fd729","f04c728c-139a-49bf-930c-66ab27b0e6b1","","","","","","","","","","","","","","",""
"","37428213","lacunicola","Paragobiodon lacunicola (Kendall & Goldsborough, 1911)","GOBIIDAE","Paragobiodon","","lacunicola","","Valid Name","","Species","","Kendall & Goldsborough","1911","N","e5a4e8c9-3604-4a38-8dee-6f5c52799165","20170907T05:50:39.389+0000","69dad5cf-2472-4a9a-ab1a-032beddb22a7","20181203T23:02:24.999+0000","30fa2ecd-9679-4f68-a2f4-6a483b4fc6a6","69dad5cf-2472-4a9a-ab1a-032beddb22a7","","","","","","","","","","","","","","",""
"","37428215","modestus","Paragobiodon modestus (Regan, 1908)","GOBIIDAE","Paragobiodon","","modestus","","Valid Name","","Species","","Regan","1908","N","166be24a-981b-4770-bdbe-6a504b0edb84","20170907T06:06:23.477+0000","8af4a08a-2044-4b0d-87dc-735434c11858","20181203T23:02:24.999+0000","30fa2ecd-9679-4f68-a2f4-6a483b4fc6a6","8af4a08a-2044-4b0d-87dc-735434c11858","","","","","","","","","","","","","","",""
"","37428216","xanthosoma","Paragobiodon xanthosoma (Bleeker, 1852)","GOBIIDAE","Paragobiodon","","xanthosoma","","Valid Name","","Species","","Bleeker","1852","N","a7b54089-fe67-48fb-aa90-9043b10d8334","20170907T06:10:58.936+0000","d80dcef4-e4fd-4954-96ed-a8f6f0343329","20181203T23:02:24.999+0000","30fa2ecd-9679-4f68-a2f4-6a483b4fc6a6","d80dcef4-e4fd-4954-96ed-a8f6f0343329","","","","","","","","","","","","","","",""
"","37390010","australis","Parapercis australis Randall, 2003","PINGUIPEDIDAE","Parapercis","","australis","","Valid Name","","Species","","Randall","2003","Y","21072fce-b1a5-49dc-b64a-0bea04aed3ec","20180605T05:59:50.212+0000","59b6afde-4a68-4fb0-8f04-5b09da928a29","20180731T05:49:31.047+0000","fc0983cb-4318-4494-bee8-7c99dae7daf1","59b6afde-4a68-4fb0-8f04-5b09da928a29","","","","","","","","","","","","","","",""
"","37390035","colemani","Parapercis colemani Randall & Francis, 1993","PINGUIPEDIDAE","Parapercis","","colemani","","Valid Name","","Species","","Randall & Francis","1993","Y","bdf63418-75aa-4dce-a914-214e339394de","20180606T06:02:19.156+0000","2853d2dc-f87e-4dd9-873f-487e8d6eb25d","20180731T05:49:31.047+0000","fc0983cb-4318-4494-bee8-7c99dae7daf1","2853d2dc-f87e-4dd9-873f-487e8d6eb25d","","","","","","","","","","","","","","",""
"","37390026","lineopunctata","Parapercis lineopunctata Randall, 2003","PINGUIPEDIDAE","Parapercis","","lineopunctata","","Valid Name","","Species","","Randall","2003","Y","21ad23e4-de6d-40eb-a339-bd8dc21794fb","20180607T06:05:15.545+0000","a995864c-6293-4577-a843-fb1c1307afef","20180731T05:49:31.047+0000","fc0983cb-4318-4494-bee8-7c99dae7daf1","a995864c-6293-4577-a843-fb1c1307afef","","","","","","","","","","","","","","",""
"","37390015","millepunctata","Parapercis millepunctata (Günther, 1860)","PINGUIPEDIDAE","Parapercis","","millepunctata","","Valid Name","","Species","","Günther","1860","N","99ef784a-c10b-448c-a1a3-e54c84ef2fc4","20180607T07:08:14.007+0000","a2b21553-659e-4fbd-86df-91aab3178d2a","20180731T05:49:31.047+0000","fc0983cb-4318-4494-bee8-7c99dae7daf1","a2b21553-659e-4fbd-86df-91aab3178d2a","","","","","","","","","","","","","","",""
"","37390011","queenslandica","Parapercis queenslandica Imamura & Yoshino, 2007","PINGUIPEDIDAE","Parapercis","","queenslandica","","Valid Name","","Species","","Imamura & Yoshino","2007","Y","06aa0e35-1025-4e48-ae35-32a1be0dedb4","20180628T08:49:11.446+0000","cbd3d088-6983-46dd-8726-3ca52ad7362a","20180731T05:49:31.047+0000","fc0983cb-4318-4494-bee8-7c99dae7daf1","cbd3d088-6983-46dd-8726-3ca52ad7362a","","","","","","","","","","","","","","",""
"","37463001","bilineata","Paraplagusia bilineata (Bloch, 1787)","CYNOGLOSSIDAE","Paraplagusia","","bilineata","","Valid Name","","Species","","Bloch","1787","N","d15d287f-1618-480b-adfd-4b171e1e1eb9","20150531T09:43:29.406+0000","093d47c6-6358-462c-b44e-efb81c09b94f","20160404T03:56:26.724+0000","c3568883-24da-4494-8c89-4374e8c4dd96","093d47c6-6358-462c-b44e-efb81c09b94f","","","","","","","","","","","","","","",""
"","37357004","ransonneti","Parapriacanthus ransonneti Steindachner, 1870","PEMPHERIDAE","Parapriacanthus","","ransonneti","","Valid Name","","Species","","Steindachner","1870","Y","a265f8f0-0140-4a94-8a62-cbe3dfced57f","20161219T08:05:13.646+0000","101d6d77-aff0-4701-80ad-d3bf372cf3d1","20161222T00:32:25.344+0000","39d13504-442d-4cd8-b488-cff3fd6f0caf","101d6d77-aff0-4701-80ad-d3bf372cf3d1","","","","","","","","","","","","","","",""
"","37287062","mossambica","Parascorpaena mossambica (Peters, 1855)","SCORPAENIDAE","Parascorpaena","","mossambica","","Valid Name","","Species","","Peters","1855","N","d69000ae-dd47-4203-8843-59be8e9341f1","20160201T04:20:50.627+0000","4b093c29-6592-4ab2-8220-5d876a1ab5b8","20160623T03:04:42.921+0000","54aad9d3-c659-494b-9fd6-23813f3b7cb2","4b093c29-6592-4ab2-8220-5d876a1ab5b8","","","","","","","","","","","","","","",""
"","37120019","balteatus","Paraulopus balteatus Gomon, 2010","PARAULOPIDAE","Paraulopus","","balteatus","","Valid Name","","Species","","Gomon","2010","Y","589c8e2e-56f4-4acb-9ee0-c460f5951ee2","20160520T08:37:06.476+0000","1f9b4130-cf2b-41d2-afda-02ee11a40934","20161222T00:27:39.419+0000","6dbd427a-b86f-4053-8f27-018407aa12a2","1f9b4130-cf2b-41d2-afda-02ee11a40934","","","","","","","","","","","","","","",""
"","37120014","okamurai","Paraulopus okamurai Sato & Nakabo, 2002","PARAULOPIDAE","Paraulopus","","okamurai","","Valid Name","","Species","","Sato & Nakabo","2002","Y","037cb46b-1d0e-4137-b327-927f7802945d","20160711T06:47:20.770+0000","8bcca0be-818e-4978-bf5b-a85279131819","20161222T00:27:39.419+0000","6dbd427a-b86f-4053-8f27-018407aa12a2","8bcca0be-818e-4978-bf5b-a85279131819","","","","","","","","","","","","","","",""
"","37372091","alboscapularis","Parma alboscapularis Allen & Hoese, 1975","POMACENTRIDAE","Parma","","alboscapularis","","Valid Name","","Species","","Allen & Hoese","1975","Y","5b31726e-c431-498e-a025-8f3971cc485a","20160307T05:56:48.719+0000","d539ee72-bf9c-4ab6-ba99-028003a2bc87","20170727T04:09:21.978+0000","7f975bd1-e11b-4232-aebd-4ed2f58a2844","d539ee72-bf9c-4ab6-ba99-028003a2bc87","","","","","","","","","","","","","","",""
"","37372096","polylepis","Parma polylepis Günther, 1862","POMACENTRIDAE","Parma","","polylepis","","Valid Name","","Species","","Günther","1862","Y","b7047d8d-6afa-4e14-b279-7396cfc1eb48","20170520T07:05:08.984+0000","d67bb473-6f6e-4d5e-a178-74fc5ca54ebf","20170727T04:09:21.978+0000","7f975bd1-e11b-4232-aebd-4ed2f58a2844","d67bb473-6f6e-4d5e-a178-74fc5ca54ebf","","","","","","","","","","","","","","",""
"","37355022","barberinus","Parupeneus barberinus (Lacépède, 1801)","MULLIDAE","Parupeneus","","barberinus","","Valid Name","","Species","","Lacépède","1801","N","4ff35db6-8697-4d27-96f0-510ebb7e439e","20150120T05:43:32.216+0000","fe275600-4f50-44a2-97b0-8e9fb1f6c66a","20180601T06:01:16.340+0000","b4235f89-8612-432c-ae83-ab80d81f44d9","fe275600-4f50-44a2-97b0-8e9fb1f6c66a","","","","","","","","","","","","","","",""
"","37355024","ciliatus","Parupeneus ciliatus (Lacépède, 1802)","MULLIDAE","Parupeneus","","ciliatus","","Valid Name","","Species","","Lacépède","1802","N","b1d717b9-664b-4abe-9ee8-cf192c54c400","20141216T04:59:22.624+0000","5801a792-52b8-47de-af30-1460ad6a8e7f","20180601T06:01:16.340+0000","b4235f89-8612-432c-ae83-ab80d81f44d9","5801a792-52b8-47de-af30-1460ad6a8e7f","","","","","","","","","","","","","","",""
"","37355004","heptacantha","Parupeneus heptacantha (Lacépède, 1802)","MULLIDAE","Parupeneus","","heptacantha","","Valid Name","","Species","","Lacépède","1802","N","f957c3f4-9a0f-445d-bff9-3bf3ee3cbf72","20150209T05:54:57.647+0000","5244c5b2-d1d8-4262-9934-497365b4a68e","20180601T06:01:16.340+0000","b4235f89-8612-432c-ae83-ab80d81f44d9","5244c5b2-d1d8-4262-9934-497365b4a68e","","","","","","","","","","","","","","",""
"","37355026","multifasciatus","Parupeneus multifasciatus (Quoy & Gaimard, 1825)","MULLIDAE","Parupeneus","","multifasciatus","","Valid Name","","Species","","Quoy & Gaimard","1825","N","5d0a7adb-11d7-4cc4-8f38-d53706596b6f","20150202T06:59:09.833+0000","a72348f0-2f03-44c2-977b-dd05c4a57d89","20180601T06:01:16.340+0000","b4235f89-8612-432c-ae83-ab80d81f44d9","a72348f0-2f03-44c2-977b-dd05c4a57d89","","","","","","","","","","","","","","",""
"","37355027","pleurostigma","Parupeneus pleurostigma (Bennett, 1831)","MULLIDAE","Parupeneus","","pleurostigma","","Valid Name","","Species","","Bennett","1831","N","6a0f6d50-781b-4268-ac81-083474fbbe9a","20150209T08:39:27.255+0000","fda8b792-3a31-476e-96e3-8e03f19a28c1","20180601T06:01:16.340+0000","b4235f89-8612-432c-ae83-ab80d81f44d9","fda8b792-3a31-476e-96e3-8e03f19a28c1","","","","","","","","","","","","","","",""
"","37355015","spilurus","Parupeneus spilurus (Bleeker, 1854)","MULLIDAE","Parupeneus","","spilurus","","Valid Name","","Species","","Bleeker","1854","N","3be24cfb-2647-4742-9fff-00b4492f77ff","20150203T02:21:35.080+0000","e73051da-1ee2-4638-a147-2edce6caa2a2","20180601T06:01:16.340+0000","b4235f89-8612-432c-ae83-ab80d81f44d9","e73051da-1ee2-4638-a147-2edce6caa2a2","","","","","","","","","","","","","","",""
"","37357018","adusta","Pempheris adusta Bleeker, 1877","PEMPHERIDAE","Pempheris","","adusta","","Valid Name","","Species","","Bleeker","1877","Y","6a23f5bf-ff14-497b-936c-adffc367ff26","20141209T07:07:08.533+0000","d39f44cf-7ff9-43c3-a94d-5768b4bf1208","20161222T00:32:25.344+0000","50e484d4-71fe-45a2-8592-9f21b32c791a","d39f44cf-7ff9-43c3-a94d-5768b4bf1208","","","","","","","","","","","","","","",""
"","37357006","analis","Pempheris analis Waite, 1910","PEMPHERIDAE","Pempheris","","analis","","Valid Name","","Species","","Waite","1910","Y","56b4df85-16cb-4db8-9544-8f691254db33","20161219T08:06:01.703+0000","d8148e02-09f2-4773-831d-f19ee8795ab2","20161222T00:32:25.344+0000","50e484d4-71fe-45a2-8592-9f21b32c791a","d8148e02-09f2-4773-831d-f19ee8795ab2","","","","","","","","","","","","","","",""
"","37357015","otaitensis","Pempheris otaitensis Cuvier, 1831","PEMPHERIDAE","Pempheris","","otaitensis","","Valid Name","","Species","","Cuvier","1831","Y","1d00d3e2-6bf7-4daa-8380-8dbaad842128","20140627T01:50:47.684+0000","170db610-1fe5-4b1a-ba71-859d129d9358","20161222T00:32:25.344+0000","50e484d4-71fe-45a2-8592-9f21b32c791a","170db610-1fe5-4b1a-ba71-859d129d9358","","","","","","","","","","","","","","",""
"","37357010","oualensis","Pempheris oualensis Cuvier, 1831","PEMPHERIDAE","Pempheris","","oualensis","","Valid Name","","Species","","Cuvier","1831","Y","1fb326c6-ec72-4cb5-9939-f2051b38e3df","20161219T08:24:29.089+0000","e5834368-fe4b-44b8-a15f-a9c3d842b7e2","20161222T00:32:25.344+0000","50e484d4-71fe-45a2-8592-9f21b32c791a","e5834368-fe4b-44b8-a15f-a9c3d842b7e2","","","","","","","","","","","","","","",""
"","37357011","schwenkii","Pempheris schwenkii Bleeker, 1855","PEMPHERIDAE","Pempheris","","schwenkii","","Valid Name","","Species","","Bleeker","1855","Y","9932d11d-91c1-4fa2-9a40-6ad0fb144f4b","20161219T08:28:54.780+0000","21e5c17c-2b02-4cbd-aa83-345437ca5924","20161222T00:32:25.344+0000","50e484d4-71fe-45a2-8592-9f21b32c791a","21e5c17c-2b02-4cbd-aa83-345437ca5924","","","","","","","","","","","","","","",""
"","37367012","capensis","Pentaceros capensis Cuvier, 1829","PENTACEROTIDAE","Pentaceros","","capensis","","Valid Name","","Species","","Cuvier","1829","Y","aa3368e8-c7a2-43b0-8a9c-f3c9aa8b02ad","20120202T14:08:13.598+0000","93131db6-5316-4a04-a097-6c651ff54089","20121123T01:12:06.873+0000","d4288c70-5460-431a-906c-6a60dbf84270","93131db6-5316-4a04-a097-6c651ff54089","","","","","","","","","","","","","","",""
"","37367004","decacanthus","Pentaceros decacanthus Günther, 1859","PENTACEROTIDAE","Pentaceros","","decacanthus","","Valid Name","","Species","","Günther","1859","Y","d574c4ad-5d96-422a-afcf-a4b1ca02e1c6","20140107T23:09:55.043+0000","5cc158cb-28b8-437d-8717-5ddbe1d37004","20140107T23:09:55.043+0000","d4288c70-5460-431a-906c-6a60dbf84270","5cc158cb-28b8-437d-8717-5ddbe1d37004","","","","","","","","","","","","","","",""
"","37465066","alternans","Pervagor alternans (Ogilby, 1899)","MONACANTHIDAE","Pervagor","","alternans","","Valid Name","","Species","","Ogilby","1899","N","244b736f-8307-4760-89ed-c9b5f7fe9c67","20140428T04:53:16.496+0000","4b8ede70-c1df-41a3-b9a4-365993cf52ab","20140429T04:00:17.360+0000","8f432750-a7aa-428f-bd07-2ddc6cbc5fd0","4b8ede70-c1df-41a3-b9a4-365993cf52ab","","","","","","","","","","","","","","",""
"","37465068","janthinosoma","Pervagor janthinosoma (Bleeker, 1854)","MONACANTHIDAE","Pervagor","","janthinosoma","","Valid Name","","Species","","Bleeker","1854","N","2362e402-e270-476b-84af-db9e3c547db8","20140428T04:53:16.496+0000","5f4168c7-5977-45bb-bbaf-fa68c4d73fdd","20160622T07:47:21.439+0000","8f432750-a7aa-428f-bd07-2ddc6cbc5fd0","5f4168c7-5977-45bb-bbaf-fa68c4d73fdd","","","","","","","","","","","","","","",""
"","37408073","lupus","Petroscirtes lupus (De Vis, 1886)","BLENNIIDAE","Petroscirtes","","lupus","","Valid Name","","Species","","De Vis","1886","N","ad3c7286-be42-48e0-afec-f7025e89b32d","20131008T23:07:52.756+0000","ed3cc809-3b7e-4c4d-947b-032129dd7ef3","20131122T05:38:07.818+0000","add27ee6-0025-489a-af90-994329fde3b8","ed3cc809-3b7e-4c4d-947b-032129dd7ef3","","","","","","","","","","","","","","",""
"","37287135","longirostris","Phenacoscorpius longirostris Motomura & Last, 2009","SCORPAENIDAE","Phenacoscorpius","","longirostris","","Valid Name","","Species","","Motomura & Last","2009","Y","81b5906c-ddaf-4f61-93c7-a1d0037d786e","20160201T04:20:50.627+0000","09851973-f030-4f6b-9f5e-0389566d509c","20160222T23:22:29.537+0000","393a21fc-ecf6-469c-9503-ae17745a7230","09851973-f030-4f6b-9f5e-0389566d509c","","","","","","","","","","","","","","",""
"","","indicus","Pherallodus indicus Weber, 1913","GOBIESOCIDAE","Pherallodus","","indicus","","Valid Name","","Species","","Weber","1913","Y","4adc4471-f738-44f8-856a-3d1d04f90e89","20131009T01:34:09.291+0000","50419217-e60b-4c10-a324-d05ec9a5d312","20190521T05:24:31.422+0000","dd5d2ec8-8c80-4015-9a0a-1cad31d63f13","50419217-e60b-4c10-a324-d05ec9a5d312","","","","","","","","","","","","","","",""
"","37384020","laticlavius","Pictilabrus laticlavius (Richardson, 1839)","LABRIDAE","Pictilabrus","","laticlavius","","Valid Name","","Species","","Richardson","1839","N","a4b0908f-7fc0-4cc8-888a-f6ce17216caf","20170629T07:05:19.129+0000","306b68db-f145-4729-a0c4-ef60fa96cb6a","20170727T04:09:21.978+0000","9fcc88ee-abc7-4e2f-b764-18f8956176ea","306b68db-f145-4729-a0c4-ef60fa96cb6a","","","","","","","","","","","","","","",""
"","37408075","laudandus","Plagiotremus laudandus (Whitley, 1961)","BLENNIIDAE","Plagiotremus","","laudandus","","Valid Name","","Species","","Whitley","1961","N","5e69d81e-3db7-4082-a446-83a5e4f058a3","20131008T23:07:52.756+0000","0db6814a-895c-4336-84db-31b6c40ff7d6","20131008T23:07:52.756+0000","39a0e676-e0c1-495c-a6c7-c165cb68b484","0db6814a-895c-4336-84db-31b6c40ff7d6","","","","","","","","","","","","","","",""
"","37408004","rhinorhynchos","Plagiotremus rhinorhynchos (Bleeker, 1852)","BLENNIIDAE","Plagiotremus","","rhinorhynchos","","Valid Name","","Species","","Bleeker","1852","N","738b252d-1abd-4904-b383-2d27b991f26b","20131008T23:07:52.756+0000","b1f47e6a-6c52-4e88-911a-d5d0c6b5c3e0","20131008T23:07:52.756+0000","39a0e676-e0c1-495c-a6c7-c165cb68b484","b1f47e6a-6c52-4e88-911a-d5d0c6b5c3e0","","","","","","","","","","","","","","",""
"","37408076","tapeinosoma","Plagiotremus tapeinosoma (Bleeker, 1857)","BLENNIIDAE","Plagiotremus","","tapeinosoma","","Valid Name","","Species","","Bleeker","1857","N","bd743f74-2c3f-4f47-8dcf-2f6a8e5f4d97","20131008T23:07:52.756+0000","0ce38367-4c00-46ef-90c6-5ec7c78bea44","20160721T01:38:51.541+0000","39a0e676-e0c1-495c-a6c7-c165cb68b484","0ce38367-4c00-46ef-90c6-5ec7c78bea44","","","","","","","","","","","","","","",""
"","37235008","argalus","Platybelone argalus (Lesueur, 1821)","BELONIDAE","Platybelone","","argalus","","Valid Name","","Species","","Lesueur","1821","N","51b248a0-f3bb-4820-98e2-b18c8806a7b0","20161022T04:36:05.849+0000","534cdf3c-3cff-4342-9a59-842822b474cf","20180329T02:08:16.158+0000","39fabd61-df4b-4526-b4a4-2b355b555d17","534cdf3c-3cff-4342-9a59-842822b474cf","","","","","","","","","","","","","","",""
"","37296007","caeruleopunctatus","Platycephalus caeruleopunctatus McCulloch, 1922","PLATYCEPHALIDAE","Platycephalus","","caeruleopunctatus","","Valid Name","","Species","","McCulloch","1922","Y","de663a0c-8fad-40fc-b0b2-bc7f2c596eb1","20150422T06:46:59.700+0000","3845deea-b769-44dc-9c75-57222df04ad2","20150505T21:35:04.768+0000","c5353f28-ba05-4368-8aeb-e738fac64f06","3845deea-b769-44dc-9c75-57222df04ad2","","","","","","","","","","","","","","",""
"","37350023","pica","Plectorhinchus pica (Cuvier, 1828)","HAEMULIDAE","Plectorhinchus","","pica","","Valid Name","","Species","","Cuvier","1828","N","759c40be-bb2f-4ee2-ace8-15c760648ed6","20150817T21:08:10.176+0000","e0b8bda0-8199-490e-a20f-9f453108d124","20150907T21:37:10.605+0000","9bee3ff8-c7b7-4ac6-9498-e4170a1207da","e0b8bda0-8199-490e-a20f-9f453108d124","","","","","","","","","","","","","","",""
"","37350013","unicolor","Plectorhinchus unicolor (Macleay, 1883)","HAEMULIDAE","Plectorhinchus","","unicolor","","Valid Name","","Species","","Macleay","1883","N","f66fce76-0236-420e-b5ed-051ccf61e84d","20150819T05:08:41.510+0000","e325447f-4254-4995-85a0-06bcbd276a8c","20150907T21:37:10.605+0000","9bee3ff8-c7b7-4ac6-9498-e4170a1207da","e325447f-4254-4995-85a0-06bcbd276a8c","","","","","","","","","","","","","","",""
"","37372098","dickii","Plectroglyphidodon dickii (Liénard, 1839)","POMACENTRIDAE","Plectroglyphidodon","","dickii","","Valid Name","","Species","","Liénard","1839","N","2dfac693-2beb-41d5-9e15-65e9c527a1ea","20170529T06:53:17.253+0000","4937146f-c7e5-4b2f-a40a-457cd127ec6d","20170727T04:09:21.978+0000","e5ff43ce-69ce-4712-be5b-52c50b1ff540","4937146f-c7e5-4b2f-a40a-457cd127ec6d","","","","","","","","","","","","","","",""
"","37372099","imparipennis","Plectroglyphidodon imparipennis (Sauvage, 1875)","POMACENTRIDAE","Plectroglyphidodon","","imparipennis","","Valid Name","","Species","","Sauvage","1875","N","21cb994f-421a-4d93-a4d1-369db5af803b","20170522T08:37:13.415+0000","5d4637b0-45c1-4834-a0c6-a798ddb7c308","20170727T04:09:21.978+0000","e5ff43ce-69ce-4712-be5b-52c50b1ff540","5d4637b0-45c1-4834-a0c6-a798ddb7c308","","","","","","","","","","","","","","",""
"","37372100","johnstonianus","Plectroglyphidodon johnstonianus Fowler & Ball, 1924","POMACENTRIDAE","Plectroglyphidodon","","johnstonianus","","Valid Name","","Species","","Fowler & Ball","1924","Y","5f1b7baf-ba17-4352-b0c3-1bff3c92afcd","20170529T06:54:06.176+0000","561bea9a-d0cc-4488-bfff-70cff34ed7f8","20170727T04:09:21.978+0000","e5ff43ce-69ce-4712-be5b-52c50b1ff540","561bea9a-d0cc-4488-bfff-70cff34ed7f8","","","","","","","","","","","","","","",""
"","37372101","lacrymatus","Plectroglyphidodon lacrymatus (Quoy & Gaimard, 1825)","POMACENTRIDAE","Plectroglyphidodon","","lacrymatus","","Valid Name","","Species","","Quoy & Gaimard","1825","N","36b06fc8-eca0-4ede-9de4-c13b4748c0d0","20170529T06:54:49.493+0000","2c598e78-71f9-4532-9930-9cfdfbb02847","20170727T04:09:21.978+0000","e5ff43ce-69ce-4712-be5b-52c50b1ff540","2c598e78-71f9-4532-9930-9cfdfbb02847","","","","","","","","","","","","","","",""
"","37372102","leucozona","Plectroglyphidodon leucozona (Bleeker, 1859)","POMACENTRIDAE","Plectroglyphidodon","","leucozona","","Valid Name","","Species","","Bleeker","1859","N","b02a544e-b9e6-4ecd-bf1b-d01c42eec018","20170522T08:49:36.993+0000","3b0573d8-6a34-4a01-add5-6e6d5a93c2b4","20170727T04:09:21.978+0000","e5ff43ce-69ce-4712-be5b-52c50b1ff540","3b0573d8-6a34-4a01-add5-6e6d5a93c2b4","","","","","","","","","","","","","","",""
"","37311079","laevis","Plectropomus laevis (Lacépède, 1801)","SERRANIDAE","Plectropomus","","laevis","","Valid Name","","Species","","Lacépède","1801","N","c6d56f09-0391-41a4-a015-1cb2197968d9","20121130T05:02:50.502+0000","fb809f9e-b052-44de-a22f-c25370b8d74b","20180601T06:02:12.387+0000","6e57fe43-08fe-450c-bd12-87b8ef271407","fb809f9e-b052-44de-a22f-c25370b8d74b","","","","","","","","","","","","","","",""
"","37311078","leopardus","Plectropomus leopardus (Lacépède, 1802)","SERRANIDAE","Plectropomus","","leopardus","","Valid Name","","Species","","Lacépède","1802","N","a08715c0-3039-4dea-b0c5-7b4915aaf27d","20120310T05:38:18.373+0000","43e13442-afd0-443b-96fb-9a462eeea542","20180601T06:02:12.387+0000","6e57fe43-08fe-450c-bd12-87b8ef271407","43e13442-afd0-443b-96fb-9a462eeea542","","","","","","","","","","","","","","",""
"","37261020","lima","Plectrypops lima (Valenciennes, 1831)","HOLOCENTRIDAE","Plectrypops","","lima","","Valid Name","","Species","","Valenciennes","1831","N","5a70041a-e224-411f-a812-fb6cb2edcdcb","20160518T06:33:59.757+0000","7c206f9f-3b3d-4175-b0b8-7a4f0122082f","20160606T05:15:12.352+0000","02a8bf47-b7bb-42f4-a606-8672281e0fff","7c206f9f-3b3d-4175-b0b8-7a4f0122082f","","","","","","","","","","","","","","",""
"","37316021","insularis","Plesiops insularis Mooi & Randall, 1991","PLESIOPIDAE","Plesiops","","insularis","","Valid Name","","Species","","Mooi & Randall","1991","Y","997e43a1-8d49-40db-a2bb-4447fbbe4688","20120108T04:50:11.951+0000","d8f5c455-5d2b-43d7-83a4-036ee616a1e2","20121119T05:16:38.715+0000","d7138b37-d27b-490a-941f-0ee6b5e94ff4","d8f5c455-5d2b-43d7-83a4-036ee616a1e2","","","","","","","","","","","","","","",""
"","37400005","pseudodorsalis","Pleuroscopus pseudodorsalis Barnard, 1927","URANOSCOPIDAE","Pleuroscopus","","pseudodorsalis","","Valid Name","","Species","","Barnard","1927","Y","3b07d066-6133-47b0-be08-036687478628","20150928T07:03:23.198+0000","5448b479-f48e-40f0-b8e3-361b4ec4f5f0","20151008T04:00:06.190+0000","005c7e7e-ccf2-4424-b135-1eda4bc6b650","5448b479-f48e-40f0-b8e3-361b4ec4f5f0","","","","","","","","","","","","","","",""
"","37428231","mossambica","Pleurosicya mossambica Smith, 1959","GOBIIDAE","Pleurosicya","","mossambica","","Valid Name","","Species","","Smith","1959","Y","f7eae65f-9599-4ae3-87d7-3e48ed319704","20170913T07:43:04.022+0000","b3dbc83e-7450-4cde-8f78-778b39c635a0","20181203T23:02:24.999+0000","0da3daf7-82ab-44bc-97ae-08ab8da48a14","b3dbc83e-7450-4cde-8f78-778b39c635a0","","","","","","","","","","","","","","",""
"","37192002","lineatus","Plotosus lineatus (Thunberg, 1787)","PLOTOSIDAE","Plotosus","","lineatus","","Valid Name","","Species","","Thunberg","1787","N","a10ff6c8-6a2e-47fd-a2ad-568956ecb8e4","20130804T05:09:00.794+0000","493bc810-2a68-414e-bb4d-f73f599afcac","20130912T05:06:45.254+0000","018f7575-1b11-4967-b718-2e88b3beaa32","493bc810-2a68-414e-bb4d-f73f599afcac","","","","","","","","","","","","","","",""
"","37466021","tyleri","Polyplacapros tyleri Fujii & Uyeno, 1979","ARACANIDAE","Polyplacapros","","tyleri","","Valid Name","","Species","","Fujii & Uyeno","1979","Y","a7aec937-c543-42ce-9b57-14c65a6c5e7f","20140428T04:53:16.496+0000","3a215a27-223b-41c1-ac07-d6f2f434b8ff","20140429T04:00:17.360+0000","5fe42260-db62-4689-b1a1-f38a2eb888eb","3a215a27-223b-41c1-ac07-d6f2f434b8ff","","","","","","","","","","","","","","",""
"","37311006","oxygeneios","Polyprion oxygeneios (Forster, 1801)","POLYPRIONIDAE","Polyprion","","oxygeneios","","Valid Name","","Species","","Forster","1801","N","69555317-42e3-4114-a853-0749b88bd23f","20120508T08:02:31.957+0000","24f941d4-b7d5-4e0b-9d48-c4cf63cad61b","20131121T06:32:08.551+0000","04ddb439-d622-4224-9b53-ad49a3faec9b","24f941d4-b7d5-4e0b-9d48-c4cf63cad61b","","","","","","","","","","","","","","",""
"","37365014","imperator","Pomacanthus imperator (Bloch, 1787)","POMACANTHIDAE","Pomacanthus","","imperator","","Valid Name","","Species","","Bloch","1787","N","0b99fd66-414b-463e-ac4a-966791eb616a","20131008T23:07:52.756+0000","177f5fc4-a282-4bd5-9ef3-af095f5e2720","20131008T23:07:52.756+0000","b4a71d15-120d-4a96-a939-1bc64ac3c8ec","177f5fc4-a282-4bd5-9ef3-af095f5e2720","","","","","","","","","","","","","","",""
"","37365080","semicirculatus","Pomacanthus semicirculatus (Cuvier, 1831)","POMACANTHIDAE","Pomacanthus","","semicirculatus","","Valid Name","","Species","","Cuvier","1831","N","05928b29-fd9d-4e15-8a49-9dc6568f652e","20131008T23:07:52.756+0000","ecbce6e9-434d-472c-88e9-8ecf059af547","20151116T06:27:57.107+0000","b4a71d15-120d-4a96-a939-1bc64ac3c8ec","ecbce6e9-434d-472c-88e9-8ecf059af547","","","","","","","","","","","","","","",""
"","37372107","australis","Pomacentrus australis Allen & Robertson, 1974","POMACENTRIDAE","Pomacentrus","","australis","","Valid Name","","Species","","Allen & Robertson","1974","Y","ff323df8-6a3d-4c59-b326-88d6b954bfe6","20170522T09:32:35.228+0000","c8723186-acad-4ce7-b9c9-4e5f7f403857","20170727T04:09:21.978+0000","5179d091-4e55-4199-988b-f4bcbe19218a","c8723186-acad-4ce7-b9c9-4e5f7f403857","","","","","","","","","","","","","","",""
"","37372111","coelestis","Pomacentrus coelestis Jordan & Starks, 1901","POMACENTRIDAE","Pomacentrus","","coelestis","","Valid Name","","Species","","Jordan & Starks","1901","Y","35631f52-3921-4968-9bf7-7465b13ae7eb","20170529T06:45:05.021+0000","bbf5f4c1-d8af-46d1-944a-4cb8fff6844c","20170727T04:09:21.978+0000","5179d091-4e55-4199-988b-f4bcbe19218a","bbf5f4c1-d8af-46d1-944a-4cb8fff6844c","","","","","","","","","","","","","","",""
"","37372118","moluccensis","Pomacentrus moluccensis Bleeker, 1853","POMACENTRIDAE","Pomacentrus","","moluccensis","","Valid Name","","Species","","Bleeker","1853","Y","d1533c5e-16fa-4495-b6a0-40cc3e237c43","20170529T07:55:58.588+0000","0894b672-7c1e-48a3-b423-b7a32b39d7c1","20170727T04:09:21.978+0000","5179d091-4e55-4199-988b-f4bcbe19218a","0894b672-7c1e-48a3-b423-b7a32b39d7c1","","","","","","","","","","","","","","",""
"","37372122","pavo","Pomacentrus pavo (Bloch, 1787)","POMACENTRIDAE","Pomacentrus","","pavo","","Valid Name","","Species","","Bloch","1787","N","0a0017de-a170-4b19-a50b-7ffe0097be66","20170529T07:57:12.890+0000","1d3ef7da-0564-41cc-9b90-0213052d7190","20170727T04:09:21.978+0000","5179d091-4e55-4199-988b-f4bcbe19218a","1d3ef7da-0564-41cc-9b90-0213052d7190","","","","","","","","","","","","","","",""
"","37372126","vaiuli","Pomacentrus vaiuli Jordan & Seale, 1906","POMACENTRIDAE","Pomacentrus","","vaiuli","","Valid Name","","Species","","Jordan & Seale","1906","Y","58337a33-ebc6-4d2d-be36-59c44313544a","20170529T10:05:11.805+0000","b2eed49e-2433-42cb-9866-ef41cfc422ba","20170727T04:09:21.978+0000","5179d091-4e55-4199-988b-f4bcbe19218a","b2eed49e-2433-42cb-9866-ef41cfc422ba","","","","","","","","","","","","","","",""
"","37326012","blochii","Priacanthus blochii Bleeker, 1853","PRIACANTHIDAE","Priacanthus","","blochii","","Valid Name","","Species","","Bleeker","1853","Y","c9f450da-a632-475f-8ef9-09108cde736f","20120117T12:37:37.352+0000","4d066376-4e38-4892-bbbe-31f2100af317","20121115T02:44:48.592+0000","f2455fba-b475-4edb-9b6d-5a0115a2e5bc","4d066376-4e38-4892-bbbe-31f2100af317","","","","","","","","","","","","","","",""
"","37326005","hamrur","Priacanthus hamrur (Forsskål, 1775)","PRIACANTHIDAE","Priacanthus","","hamrur","","Valid Name","","Species","","Forsskål","1775","N","a4468b8c-a3f9-484d-809f-21a8e19dd240","20120117T13:02:53.938+0000","33db413a-0775-4a6b-8b12-0527a06a629b","20170531T00:56:50.278+0000","f2455fba-b475-4edb-9b6d-5a0115a2e5bc","33db413a-0775-4a6b-8b12-0527a06a629b","","","","","","","","","","","","","","",""
"","37326001","macracanthus","Priacanthus macracanthus Cuvier, 1829","PRIACANTHIDAE","Priacanthus","","macracanthus","","Valid Name","","Species","","Cuvier","1829","Y","3523a6c0-89ec-4c21-993c-883dcc578c5b","20120117T13:14:16.272+0000","82a5a161-772c-4b3c-b1ac-bd2b34fe02eb","20121115T02:44:48.592+0000","f2455fba-b475-4edb-9b6d-5a0115a2e5bc","82a5a161-772c-4b3c-b1ac-bd2b34fe02eb","","","","","","","","","","","","","","",""
"","37428236","cincta","Priolepis cincta (Regan, 1908)","GOBIIDAE","Priolepis","","cincta","","Valid Name","","Species","","Regan","1908","N","ab0e7c12-fb04-4da3-bfda-5d1c6087a3d7","20170914T10:06:31.139+0000","61c54d11-e346-462a-93d4-6111f6e6c8ef","20181203T23:02:24.999+0000","ed7372c8-0fed-4258-a6f8-a9fc9d1a4603","61c54d11-e346-462a-93d4-6111f6e6c8ef","","","","","","","","","","","","","","",""
"","37428403","cyanocephala","Priolepis cyanocephala Hoese & Larson, 2010","GOBIIDAE","Priolepis","","cyanocephala","","Valid Name","","Species","","Hoese & Larson","2010","Y","3349c095-30be-4648-a058-ec58f91fb67e","20170914T09:01:49.812+0000","92bd3e43-faa7-41c8-82dc-bf1310212e27","20181203T23:02:24.999+0000","ed7372c8-0fed-4258-a6f8-a9fc9d1a4603","92bd3e43-faa7-41c8-82dc-bf1310212e27","","","","","","","","","","","","","","",""
"","37428391","psygmophilia","Priolepis psygmophilia Winterbottom & Burridge, 1993","GOBIIDAE","Priolepis","","psygmophilia","","Valid Name","","Species","","Winterbottom & Burridge","1993","Y","dee72a55-f18f-42f2-9a93-c55deefa4f2b","20150610T22:08:14.918+0000","c820b175-7e0b-4470-bd07-91a811628395","20181203T23:02:24.999+0000","ed7372c8-0fed-4258-a6f8-a9fc9d1a4603","c820b175-7e0b-4470-bd07-91a811628395","","","","","","","","","","","","","","",""
"","37018004","glauca","Prionace glauca (Linnaeus, 1758)","CARCHARHINIDAE","Prionace","","glauca","","Valid Name","","Species","","Linnaeus","1758","N","b2a2df76-061b-47d6-b7bd-fd923b8f3099","20140313T03:41:28.159+0000","e1381d2e-f1a1-4cc5-b29e-1a5c8454889f","20140313T03:41:28.159+0000","03c50459-6b82-4aba-b833-6563887ae605","e1381d2e-f1a1-4cc5-b29e-1a5c8454889f","","","","","","","","","","","","","","",""
"","37437034","maculatus","Prionurus maculatus Ogilby, 1887","ACANTHURIDAE","Prionurus","","maculatus","","Valid Name","","Species","","Ogilby","1887","Y","f88f77b2-5a5a-47b0-b64a-e4e4f37f610d","20131008T23:07:52.756+0000","e27a2eef-cd70-4f95-980f-32411c574f20","20131008T23:07:52.756+0000","c7520e06-dbfb-4ba0-b030-c7df5c120655","e27a2eef-cd70-4f95-980f-32411c574f20","","","","","","","","","","","","","","",""
"","37437035","microlepidotus","Prionurus microlepidotus Lacépède, 1804","ACANTHURIDAE","Prionurus","","microlepidotus","","Valid Name","","Species","","Lacépède","1804","Y","4ed15a98-ae54-4c40-b62c-d3c01f890088","20131008T23:07:52.756+0000","bb54a521-6cef-4503-9b8c-1b2670e37644","20131008T23:07:52.756+0000","c7520e06-dbfb-4ba0-b030-c7df5c120655","bb54a521-6cef-4503-9b8c-1b2670e37644","","","","","","","","","","","","","","",""
"","37327063","kallopterus","Pristiapogon kallopterus (Bleeker, 1856)","APOGONIDAE","Pristiapogon","","kallopterus","","Valid Name","","Species","","Bleeker","1856","N","040a1991-2d2b-4339-a567-c32b64f317c9","20140806T01:08:46.507+0000","bc8c1649-bc72-4225-ac33-2787decd1523","20150222T20:47:51.319+0000","52278a02-4b95-43ba-846e-42c7ae3338ef","bc8c1649-bc72-4225-ac33-2787decd1523","","","","","","","","","","","","","","",""
"","37261021","oligolepis","Pristilepis oligolepis (Whitley, 1941)","HOLOCENTRIDAE","Pristilepis","","oligolepis","","Valid Name","","Species","","Whitley","1941","N","2218725e-c73d-4dfd-a1f6-45fc3b07ba98","20160520T07:23:04.249+0000","77ca44c4-78c5-4c4f-a88f-18684b86a841","20160606T05:15:12.352+0000","ddfebcc1-470a-41be-b99c-98c0229e6e33","77ca44c4-78c5-4c4f-a88f-18684b86a841","","","","","","","","","","","","","","",""
"","37346032","filamentosus","Pristipomoides filamentosus (Valenciennes, 1830)","LUTJANIDAE","Pristipomoides","","filamentosus","","Valid Name","","Species","","Valenciennes","1830","N","cd90ac9a-5d4e-4941-a2b8-b568d51e4520","20131008T23:07:52.756+0000","79a96965-54b9-4057-93e6-1265b827a9e2","20131008T23:07:52.756+0000","cf7c12d6-7b60-4b7f-9b8e-5a8745925218","79a96965-54b9-4057-93e6-1265b827a9e2","","","","","","","","","","","","","","",""
"","37372001","obtusirostris","Pristotis obtusirostris (Günther, 1862)","POMACENTRIDAE","Pristotis","","obtusirostris","","Valid Name","","Species","","Günther","1862","N","507eb77a-9b53-4edc-a105-e18370ad45be","20170524T03:54:03.070+0000","10d99657-570f-4167-a92e-efaf6266ce84","20170727T04:09:21.978+0000","c46cc84f-477d-4900-b894-77a0026db9e2","10d99657-570f-4167-a92e-efaf6266ce84","","","","","","","","","","","","","","",""
"","37439013","prometheus","Promethichthys prometheus (Cuvier, 1832)","GEMPYLIDAE","Promethichthys","","prometheus","","Valid Name","","Species","","Cuvier","1832","N","b94c806e-1ac4-43e0-8025-d8db09704611","20131008T23:07:52.756+0000","34d63827-9cc0-408a-8941-ea9558bc1e77","20131008T23:07:52.756+0000","a2bc9dc4-ffe0-449f-9c51-10530091df45","34d63827-9cc0-408a-8941-ea9558bc1e77","","","","","","","","","","","","","","",""
"","37446001","pellucidus","Psenes pellucidus Lütken, 1880","NOMEIDAE","Psenes","","pellucidus","","Valid Name","","Species","","Lütken","1880","Y","7e6a962e-14e4-4b8b-89e4-304a72efb57e","20131008T23:07:52.756+0000","e1bd7db0-11d6-414f-9a7e-11d16b177dc6","20131009T04:23:12.967+0000","056a81af-0aff-4adf-b0a7-d575a96793e1","e1bd7db0-11d6-414f-9a7e-11d16b177dc6","","","","","","","","","","","","","","",""
"","37311122","pictilis","Pseudanthias pictilis (Randall & Allen, 1978)","SERRANIDAE","Pseudanthias","","pictilis","","Valid Name","","Species","","Randall & Allen","1978","N","e6e5bcb5-514e-4e98-8ece-ec70b5e6bb6d","20120108T09:03:53.460+0000","5432840c-2ecd-4dd4-92b6-738328df4010","20180601T06:02:12.387+0000","669d9a36-6304-44a7-b68f-31611b1312fd","5432840c-2ecd-4dd4-92b6-738328df4010","","","","","","","","","","","","","","",""
"","37311126","squamipinnis","Pseudanthias squamipinnis (Peters, 1855)","SERRANIDAE","Pseudanthias","","squamipinnis","","Valid Name","","Species","","Peters","1855","N","95cac32c-74b5-4073-9993-ed178d9b6498","20121127T01:40:42.847+0000","aefeefc1-d571-4623-9bdb-25229403dd42","20180601T06:02:12.387+0000","669d9a36-6304-44a7-b68f-31611b1312fd","aefeefc1-d571-4623-9bdb-25229403dd42","","","","","","","","","","","","","","",""
"","37337082","dentex","Pseudocaranx dentex (Bloch & Schneider, 1801)","CARANGIDAE","Pseudocaranx","","dentex","","Valid Name","","Species","","Bloch & Schneider","1801","N","26c94dfa-e01b-4728-8568-0888f05b9930","20140627T01:52:56.462+0000","76a62ae3-13c5-4a83-b8e0-a20903aacc8a","20140627T01:52:56.462+0000","b7a078e4-9775-4ab3-b840-6fbe01275c0c","76a62ae3-13c5-4a83-b8e0-a20903aacc8a","","","","","","","","","","","","","","",""
"","37384142","evanidus","Pseudocheilinus evanidus Jordan & Evermann, 1903","LABRIDAE","Pseudocheilinus","","evanidus","","Valid Name","","Species","","Jordan & Evermann","1903","Y","00730501-4c51-4139-bcff-041f66225e5e","20170628T05:12:40.901+0000","4564e2f6-c36b-45c6-bb70-66b583e69572","20170727T04:09:21.978+0000","36c32ab5-d0f6-41f1-baa5-fbb2148f02d5","4564e2f6-c36b-45c6-bb70-66b583e69572","","","","","","","","","","","","","","",""
"","37384143","hexataenia","Pseudocheilinus hexataenia (Bleeker, 1857)","LABRIDAE","Pseudocheilinus","","hexataenia","","Valid Name","","Species","","Bleeker","1857","N","a8a9002f-8a20-426c-9054-82ea49552238","20170628T05:11:32.244+0000","aea7e525-d0a9-4ab9-85a6-8fcae729c8a2","20170727T04:09:21.978+0000","36c32ab5-d0f6-41f1-baa5-fbb2148f02d5","aea7e525-d0a9-4ab9-85a6-8fcae729c8a2","","","","","","","","","","","","","","",""
"","37384145","yamashiroi","Pseudocoris yamashiroi (Schmidt, 1930)","LABRIDAE","Pseudocoris","","yamashiroi","","Valid Name","","Species","","Schmidt","1930","N","3b54b09c-9e4a-4775-915c-74eedf1e778d","20170628T05:02:32.297+0000","5a1a79d0-c36c-476c-a7d3-121db3706d3c","20170727T04:09:21.978+0000","2e1ce3e5-33d5-41fc-bc75-ef9ae91af935","5a1a79d0-c36c-476c-a7d3-121db3706d3c","","","","","","","","","","","","","","",""
"","37266003","maculatus","Pseudocyttus maculatus Gilchrist, 1906","OREOSOMATIDAE","Pseudocyttus","","maculatus","","Valid Name","","Species","","Gilchrist","1906","Y","5bdb6c83-cd79-433d-ae62-91b3b2c2980e","20130506T02:50:34.995+0000","10d2dffe-10a2-4d58-a3aa-0119654d6f13","20130506T04:26:12.282+0000","7480a10f-199c-436e-977b-61e7a8a87fd0","10d2dffe-10a2-4d58-a3aa-0119654d6f13","","","","","","","","","","","","","","",""
"","37384146","moluccanus","Pseudodax moluccanus (Valenciennes, 1840)","LABRIDAE","Pseudodax","","moluccanus","","Valid Name","","Species","","Valenciennes","1840","N","2bc8a8bc-182c-4a62-becd-5ecc8d6585cb","20170620T13:02:43.616+0000","f5923f97-88db-46dd-aed6-c7a7af0fd0dd","20170727T04:09:21.978+0000","9c6a4bba-dcee-43f3-a05a-659a6c74b2a5","f5923f97-88db-46dd-aed6-c7a7af0fd0dd","","","","","","","","","","","","","","",""
"","37314002","polyacanthus","Pseudogramma polyacanthus (Bleeker, 1856)","SERRANIDAE","Pseudogramma","","polyacanthus","","Valid Name","","Species","","Bleeker","1856","N","d58a71c7-2e83-4cd4-8ffd-e1ee085a698a","20111129T04:49:26.822+0000","10266f5b-6301-47dd-a8f5-2209cc8ff493","20180601T06:02:12.387+0000","a8bfaaff-5b09-4154-8e56-d26440acaae0","10266f5b-6301-47dd-a8f5-2209cc8ff493","","","","","","","","","","","","","","",""
"","37384147","cerasinus","Pseudojuloides cerasinus (Snyder, 1904)","LABRIDAE","Pseudojuloides","","cerasinus","","Valid Name","","Species","","Snyder","1904","N","44520fb7-b90e-4300-8a21-25ef37398dfe","20170628T05:01:39.705+0000","c781a06d-deb0-4865-93c4-eab639fc7b10","20170727T04:09:21.978+0000","aba692d0-8d74-4ca3-9977-36582bd5debc","c781a06d-deb0-4865-93c4-eab639fc7b10","","","","","","","","","","","","","","",""
"","37384151","luculentus","Pseudolabrus luculentus (Richardson, 1848)","LABRIDAE","Pseudolabrus","","luculentus","","Valid Name","","Species","","Richardson","1848","N","99b2dc5d-9a01-4278-809b-d53c6c59aec9","20170624T05:31:45.238+0000","b06c6627-664c-4e87-a4ca-6017ae025234","20170727T04:09:21.978+0000","a12488f2-3e7b-4d83-8abe-529c5cfbdf73","b06c6627-664c-4e87-a4ca-6017ae025234","","","","","","","","","","","","","","",""
"","37224011","breviuscula","Pseudophycis breviuscula (Richardson, 1846)","MORIDAE","Pseudophycis","","breviuscula","","Valid Name","","Species","","Richardson","1846","N","4f1712d4-dc6b-40f0-849a-f1ca7bedaa38","20151124T05:08:59.581+0000","5cb15091-4b1a-4399-aa4a-72afa65f6170","20151125T23:15:40.328+0000","4cce5315-1f56-45d3-b2e9-01d8d6edbf53","5cb15091-4b1a-4399-aa4a-72afa65f6170","","","","","","","","","","","","","","",""
"","37313020","howensis","Pseudoplesiops howensis Allen, 1987","PSEUDOCHROMIDAE","Pseudoplesiops","","howensis","","Valid Name","","Species","","Allen","1987","Y","463e22a5-f717-4617-af5f-202e2af1fc41","20120109T09:28:39.912+0000","92ed2dce-ee1b-4f8e-96e8-a480da9b2dd0","20150715T23:34:28.505+0000","6a762328-120d-4510-8cea-22e901574b64","92ed2dce-ee1b-4f8e-96e8-a480da9b2dd0","","","","","","","","","","","","","","",""
"","37384033","cryptus","Pteragogus cryptus Randall, 1981","LABRIDAE","Pteragogus","","cryptus","","Valid Name","","Species","","Randall","1981","Y","be08d01c-36f3-4fcd-b252-24fb679a6d9f","20170624T09:30:29.883+0000","3cdb9a87-4322-4a85-a7e2-749bb2431f18","20170727T04:09:21.978+0000","e85be2c7-c28c-4e20-afd9-6e9fc3b0d143","3cdb9a87-4322-4a85-a7e2-749bb2431f18","","","","","","","","","","","","","","",""
"","37435015","evides","Ptereleotris evides (Jordan & Hubbs, 1925)","MICRODESMIDAE","Ptereleotris","","evides","","Valid Name","","Species","","Jordan & Hubbs","1925","N","8306f450-704c-4722-b4f7-2b5a3a61228a","20170913T06:02:47.465+0000","4b8571fb-1622-43ef-8cdf-238751818249","20181203T23:02:24.999+0000","b9829bc6-7c44-44ce-9622-1a7e1516f36b","4b8571fb-1622-43ef-8cdf-238751818249","","","","","","","","","","","","","","",""
"","37435019","microlepis","Ptereleotris microlepis (Bleeker, 1856)","MICRODESMIDAE","Ptereleotris","","microlepis","","Valid Name","","Species","","Bleeker","1856","N","b6db34f4-3a4c-4b91-bcaa-6cf74ce18c42","20150610T22:08:14.918+0000","1aec49d4-f18c-4f26-a5df-d4e363a63100","20181203T23:02:24.999+0000","b9829bc6-7c44-44ce-9622-1a7e1516f36b","1aec49d4-f18c-4f26-a5df-d4e363a63100","","","","","","","","","","","","","","",""
"","37435020","monoptera","Ptereleotris monoptera Randall & Hoese, 1985","MICRODESMIDAE","Ptereleotris","","monoptera","","Valid Name","","Species","","Randall & Hoese","1985","Y","0e44d7df-9a9c-49a5-be3d-3a7194c31f0d","20170701T07:03:38.938+0000","20cc3b00-1040-470c-b19c-4b895ffd310f","20181203T23:02:24.999+0000","b9829bc6-7c44-44ce-9622-1a7e1516f36b","20cc3b00-1040-470c-b19c-4b895ffd310f","","","","","","","","","","","","","","",""
"","37435022","zebra","Ptereleotris zebra (Fowler, 1938)","MICRODESMIDAE","Ptereleotris","","zebra","","Valid Name","","Species","","Fowler","1938","N","9420cbfe-bafe-4d41-a029-9b85f70a98f6","20170913T06:04:55.303+0000","d8361b2c-fbe8-427b-8b55-ed1589ce9a05","20181203T23:02:24.999+0000","b9829bc6-7c44-44ce-9622-1a7e1516f36b","d8361b2c-fbe8-427b-8b55-ed1589ce9a05","","","","","","","","","","","","","","",""
"","37287064","antennata","Pterois antennata (Bloch, 1787)","SCORPAENIDAE","Pterois","","antennata","","Valid Name","","Species","","Bloch","1787","N","a48c23eb-32fa-49dd-88bd-eca46619501b","20150221T07:29:29.653+0000","50ee9ad2-7d40-41ab-9b33-b6cdd20f7a42","20150505T21:35:04.768+0000","367fa0f0-0cab-49c8-800d-1e734c73a496","50ee9ad2-7d40-41ab-9b33-b6cdd20f7a42","","","","","","","","","","","","","","",""
"","37287040","volitans","Pterois volitans (Linnaeus, 1758)","SCORPAENIDAE","Pterois","","volitans","","Valid Name","","Species","","Linnaeus","1758","N","ccc07313-7852-48f5-92db-a84aa7c70dfb","20150430T00:07:03.446+0000","e4536f18-3d0c-4e23-a683-5be86b13f641","20150505T21:35:04.768+0000","367fa0f0-0cab-49c8-800d-1e734c73a496","e4536f18-3d0c-4e23-a683-5be86b13f641","","","","","","","","","","","","","","",""
"","37272002","glesne","Regalecus glesne Ascanius, 1772","REGALECIDAE","Regalecus","","glesne","","Valid Name","","Species","","Ascanius","1772","Y","3c18da50-ec32-4a1d-9e9a-bac66acd75b1","20180628T10:29:12.629+0000","2fc47d4a-b5bd-4080-9f3a-f2f7b5e7aa0e","20180731T05:33:35.120+0000","b90eb4ac-852d-4dc6-bc98-187212d96786","2fc47d4a-b5bd-4080-9f3a-f2f7b5e7aa0e","","","","","","","","","","","","","","",""
"","37467050","halsteadi","Reicheltia halsteadi (Whitley, 1957)","TETRAODONTIDAE","Reicheltia","","halsteadi","","Valid Name","","Species","","Whitley","1957","N","5431afd5-09f6-4f7f-9b21-76c5ffe2e752","20140428T04:53:16.496+0000","afbd37e3-c1a9-4ea7-8b5c-82955e497366","20140429T04:00:17.360+0000","e67f1445-b855-49a9-8cb0-5cb177bee4d5","afbd37e3-c1a9-4ea7-8b5c-82955e497366","","","","","","","","","","","","","","",""
"","37336002","remora","Remora remora (Linnaeus, 1758)","ECHENEIDAE","Remora","","remora","","Valid Name","","Species","","Linnaeus","1758","N","3e3529c4-89d8-46f8-8522-14a3373da9e4","20120112T06:52:41.969+0000","b36f3f42-e0e2-4d27-af5b-1165cdeb1263","20121205T05:13:45.011+0000","e049c468-4f4c-43c7-9bd6-fa3dc7e553e8","b36f3f42-e0e2-4d27-af5b-1165cdeb1263","","","","","","","","","","","","","","",""
"","37427015","calcaratus","Repomucenus calcaratus (Macleay, 1881)","CALLIONYMIDAE","Repomucenus","","calcaratus","","Valid Name","","Species","","Macleay","1881","N","d611c38e-fe93-4085-9180-acba55be394a","20131008T23:07:52.756+0000","32356230-0eda-48be-a495-44206a86557a","20140623T23:49:14.010+0000","6558202e-fd7a-443d-a7a1-56dba20621c1","32356230-0eda-48be-a495-44206a86557a","","","","","","","","","","","","","","",""
"","37439009","antefurcata","Rexea antefurcata Parin, 1989","GEMPYLIDAE","Rexea","","antefurcata","","Valid Name","","Species","","Parin","1989","Y","e40aec36-ad9c-4d59-a860-42676228a364","20131008T23:07:52.756+0000","8ea4df3d-540e-42b4-be18-68a4d1a20a1f","20140820T05:06:02.684+0000","27d89560-4c67-4480-a80d-5014cb6294dc","8ea4df3d-540e-42b4-be18-68a4d1a20a1f","","","","","","","","","","","","","","",""
"","37465028","aculeatus","Rhinecanthus aculeatus (Linnaeus, 1758)","BALISTIDAE","Rhinecanthus","","aculeatus","","Valid Name","","Species","","Linnaeus","1758","N","535f57d1-465c-4aaf-80d4-9d074e841a0f","20140428T04:53:16.496+0000","699d80ff-3e5d-4a17-a6ab-d340564bb62c","20140429T04:00:17.360+0000","80833e7d-5386-4d16-8915-43fce6e02f05","699d80ff-3e5d-4a17-a6ab-d340564bb62c","","","","","","","","","","","","","","",""
"","37465073","rectangulus","Rhinecanthus rectangulus (Bloch & Schneider, 1801)","BALISTIDAE","Rhinecanthus","","rectangulus","","Valid Name","","Species","","Bloch & Schneider","1801","N","100c63d2-0470-49d7-91eb-b8892913f041","20140428T04:53:16.496+0000","b8789556-a59c-4fb4-baea-a0dffa78a516","20140429T04:00:17.360+0000","80833e7d-5386-4d16-8915-43fce6e02f05","b8789556-a59c-4fb4-baea-a0dffa78a516","","","","","","","","","","","","","","",""
"","37044002","pacifica","Rhinochimaera pacifica (Mitsukuri, 1895)","RHINOCHIMAERIDAE","Rhinochimaera","","pacifica","","Valid Name","","Species","","Mitsukuri","1895","N","489859df-5684-4479-9703-303f6f25c5b5","20111023T06:49:39.284+0000","f800d486-836a-48f7-ac0d-bce970de9fbb","20140219T04:52:29.563+0000","b39b31aa-18a5-413e-b740-da67f2c0e9ae","f800d486-836a-48f7-ac0d-bce970de9fbb","","","","","","","","","","","","","","",""
"","37114008","attrita","Rouleina attrita (Vaillant, 1888)","ALEPOCEPHALIDAE","Rouleina","","attrita","","Valid Name","","Species","","Vaillant","1888","N","e139eadc-bdc3-4c1d-9652-337d5d941e0b","20160523T00:06:44.378+0000","d1af4182-ff81-4c72-8bf1-1656c78ea5d2","20160606T05:32:28.811+0000","74b5916a-6905-4092-918f-f343e4a63f1c","d1af4182-ff81-4c72-8bf1-1656c78ea5d2","","","","","","","","","","","","","","",""
"","37114023","eucla","Rouleina eucla Whitley, 1940","ALEPOCEPHALIDAE","Rouleina","","eucla","","Valid Name","","Species","","Whitley","1940","Y","c30c3436-c52e-4854-a840-cff3f53dbf00","20160523T00:06:44.378+0000","f5f3b605-3665-48ec-905d-49f6448da459","20160606T05:32:28.811+0000","74b5916a-6905-4092-918f-f343e4a63f1c","f5f3b605-3665-48ec-905d-49f6448da459","","","","","","","","","","","","","","",""
"","37114024","guentheri","Rouleina guentheri (Alcock, 1892)","ALEPOCEPHALIDAE","Rouleina","","guentheri","","Valid Name","","Species","","Alcock","1892","N","ad324f7f-c0c7-4ca1-8465-caf3790947ec","20160523T00:06:44.378+0000","2a311834-af4f-411f-85bc-2e04269b19d4","20160606T05:32:28.811+0000","74b5916a-6905-4092-918f-f343e4a63f1c","2a311834-af4f-411f-85bc-2e04269b19d4","","","","","","","","","","","","","","",""
"","37078001","schmidti","Saccopharynx schmidti Bertin, 1934","SACCOPHARYNGIDAE","Saccopharynx","","schmidti","","Valid Name","","Species","","Bertin","1934","Y","133e27fd-fb1b-4cc3-bef2-642a413c14a2","20180815T09:30:02.764+0000","393bb70e-93b1-4e5a-a848-c75baf9a61e2","20190305T04:57:36.559+0000","a38aaae1-5fb1-4c26-95ae-1493b93ddab0","393bb70e-93b1-4e5a-a848-c75baf9a61e2","","","","","","","","","","","","","","",""
"","37461025","triocellatus","Samariscus triocellatus Woods, 1960","SAMARIDAE","Samariscus","","triocellatus","","Valid Name","","Species","","Woods","1960","Y","d14e3eb2-3c09-48e4-8ae6-bfb426e9fca8","20150626T05:12:01.332+0000","a885cbf0-a13b-4e99-bb88-c2e696a9dccd","20151008T05:19:44.495+0000","1bc8f173-1d71-4d55-ac74-867617aaeba7","a885cbf0-a13b-4e99-bb88-c2e696a9dccd","","","","","","","","","","","","","","",""
"","37441020","australis","Sarda australis (Macleay, 1881)","SCOMBRIDAE","Sarda","","australis","","Valid Name","","Species","","Macleay","1881","N","7da6aae0-758d-45a1-8c1f-a06394f609bb","20131008T23:07:52.756+0000","9df85c82-73d3-41db-a2a5-20c29d16a466","20131008T23:07:52.756+0000","90623d1c-c091-499d-b037-41ba2d135603","9df85c82-73d3-41db-a2a5-20c29d16a466","","","","","","","","","","","","","","",""
"","37261023","diadema","Sargocentron diadema (Lacépède, 1802)","HOLOCENTRIDAE","Sargocentron","","diadema","","Valid Name","","Species","","Lacépède","1802","N","0e26640e-b6e0-4a6f-bf93-e36ccb133b1f","20151216T07:53:32.070+0000","945cfe03-72a2-44c3-bcf0-534fd1f01a25","20160606T05:15:12.352+0000","0b49a03a-14f2-4cc6-8ab4-024f8acd39f9","945cfe03-72a2-44c3-bcf0-534fd1f01a25","","","","","","","","","","","","","","",""
"","37261001","rubrum","Sargocentron rubrum (Forsskål, 1775)","HOLOCENTRIDAE","Sargocentron","","rubrum","","Valid Name","","Species","","Forsskål","1775","N","7eb5b869-2c44-4a52-bd7f-1a10da149773","20151216T08:01:11.932+0000","4f7f43f5-5f8e-4a75-9cfd-ecd6d2d65bd8","20170531T00:56:50.278+0000","0b49a03a-14f2-4cc6-8ab4-024f8acd39f9","4f7f43f5-5f8e-4a75-9cfd-ecd6d2d65bd8","","","","","","","","","","","","","","",""
"","37118013","gracilis","Saurida gracilis (Quoy & Gaimard, 1824)","SYNODONTIDAE","Saurida","","gracilis","","Valid Name","","Species","","Quoy & Gaimard","1824","N","fa8f3b16-630e-466e-bb86-646f61ad369b","20160607T06:46:26.473+0000","534e5efb-e96e-429d-b5f4-675d74e1bc66","20161222T00:27:39.419+0000","5079850e-e104-4ca6-a632-f2375b572d42","534e5efb-e96e-429d-b5f4-675d74e1bc66","","","","","","","","","","","","","","",""
"","37386010","altipinnis","Scarus altipinnis (Steindachner, 1879)","LABRIDAE","Scarus","","altipinnis","","Valid Name","","Species","","Steindachner","1879","N","2963da9f-611a-4e26-9715-dccb49faf47d","20170527T07:46:27.564+0000","01abc34d-9f53-45ab-82df-41d98565547d","20170727T04:09:21.978+0000","35dbb93a-8731-48d2-b8d8-7d7bd407b253","01abc34d-9f53-45ab-82df-41d98565547d","","","","","","","","","","","","","","",""
"","37386012","chameleon","Scarus chameleon Choat & Randall, 1986","LABRIDAE","Scarus","","chameleon","","Valid Name","","Species","","Choat & Randall","1986","Y","553670df-e45b-4e1f-9ca7-81704b3eec3d","20170527T07:51:02.584+0000","b109d655-e889-4e05-bd50-a4f092084d8c","20170727T04:09:21.978+0000","35dbb93a-8731-48d2-b8d8-7d7bd407b253","b109d655-e889-4e05-bd50-a4f092084d8c","","","","","","","","","","","","","","",""
"","37386013","dimidiatus","Scarus dimidiatus Bleeker, 1859","LABRIDAE","Scarus","","dimidiatus","","Valid Name","","Species","","Bleeker","1859","Y","59c9b463-c468-48f7-8c49-0ae088c95af8","20170527T07:53:48.043+0000","7f03d55e-773b-46ba-b7ce-230a76328756","20170727T04:09:21.978+0000","35dbb93a-8731-48d2-b8d8-7d7bd407b253","7f03d55e-773b-46ba-b7ce-230a76328756","","","","","","","","","","","","","","",""
"","37386014","flavipectoralis","Scarus flavipectoralis Schultz, 1958","LABRIDAE","Scarus","","flavipectoralis","","Valid Name","","Species","","Schultz","1958","Y","969ba687-7d2e-441a-9630-c642384d7053","20170527T07:57:56.211+0000","b1ef08cb-d794-443d-81a8-6134679dea34","20170727T04:09:21.978+0000","35dbb93a-8731-48d2-b8d8-7d7bd407b253","b1ef08cb-d794-443d-81a8-6134679dea34","","","","","","","","","","","","","","",""
"","37386015","forsteni","Scarus forsteni (Bleeker, 1861)","LABRIDAE","Scarus","","forsteni","","Valid Name","","Species","","Bleeker","1861","N","5abbd7ba-5b26-4b4d-830c-e26fa7aa4991","20170527T08:00:42.310+0000","011101cc-fd65-4b48-80f7-49c969989c2f","20170727T04:09:21.978+0000","35dbb93a-8731-48d2-b8d8-7d7bd407b253","011101cc-fd65-4b48-80f7-49c969989c2f","","","","","","","","","","","","","","",""
"","37386016","frenatus","Scarus frenatus Lacépède, 1802","LABRIDAE","Scarus","","frenatus","","Valid Name","","Species","","Lacépède","1802","Y","62f8527a-42d8-4384-a633-76a3d46942b0","20170527T08:04:00.473+0000","f412919f-7303-40bc-9939-66f28f3126b7","20170727T04:09:21.978+0000","35dbb93a-8731-48d2-b8d8-7d7bd407b253","f412919f-7303-40bc-9939-66f28f3126b7","","","","","","","","","","","","","","",""
"","37386001","ghobban","Scarus ghobban Forsskål, 1775","LABRIDAE","Scarus","","ghobban","","Valid Name","","Species","","Forsskål","1775","Y","626dacdf-c155-45d9-9252-1645446af43c","20170527T08:07:15.361+0000","1faefdff-7cd8-4b75-b43c-fd7e84d4bb7f","20170727T04:09:21.978+0000","35dbb93a-8731-48d2-b8d8-7d7bd407b253","1faefdff-7cd8-4b75-b43c-fd7e84d4bb7f","","","","","","","","","","","","","","",""
"","37386018","globiceps","Scarus globiceps Valenciennes, 1840","LABRIDAE","Scarus","","globiceps","","Valid Name","","Species","","Valenciennes","1840","Y","7de090b8-42c1-427e-8605-d42c07ec8f70","20160409T07:26:38.690+0000","24af849c-fd9e-4c59-ae63-bb22edb2a7de","20170727T04:09:21.978+0000","35dbb93a-8731-48d2-b8d8-7d7bd407b253","24af849c-fd9e-4c59-ae63-bb22edb2a7de","","","","","","","","","","","","","","",""
"","37386019","longipinnis","Scarus longipinnis Randall & Choat, 1980","LABRIDAE","Scarus","","longipinnis","","Valid Name","","Species","","Randall & Choat","1980","Y","8b932d5b-446c-4592-be39-e47d682ad632","20170527T08:45:54.660+0000","f6f4151c-dea4-4a55-8f78-bfd3c96f6b82","20170727T04:09:21.978+0000","35dbb93a-8731-48d2-b8d8-7d7bd407b253","f6f4151c-dea4-4a55-8f78-bfd3c96f6b82","","","","","","","","","","","","","","",""
"","37386021","niger","Scarus niger Forsskål, 1775","LABRIDAE","Scarus","","niger","","Valid Name","","Species","","Forsskål","1775","Y","35a38ea9-8900-423e-a9ec-70d13a7686a5","20170529T06:59:56.894+0000","69b54640-1b96-4384-9e04-c3e2408ac1b4","20170727T04:09:21.978+0000","35dbb93a-8731-48d2-b8d8-7d7bd407b253","69b54640-1b96-4384-9e04-c3e2408ac1b4","","","","","","","","","","","","","","",""
"","37386022","oviceps","Scarus oviceps Valenciennes, 1840","LABRIDAE","Scarus","","oviceps","","Valid Name","","Species","","Valenciennes","1840","Y","598de460-b370-4a36-ab46-13e832f18ace","20170527T08:51:39.843+0000","06ab1142-b725-4172-9a35-7cbeabd5656a","20170727T04:09:21.978+0000","35dbb93a-8731-48d2-b8d8-7d7bd407b253","06ab1142-b725-4172-9a35-7cbeabd5656a","","","","","","","","","","","","","","",""
"","37386024","psittacus","Scarus psittacus Forsskål, 1775","LABRIDAE","Scarus","","psittacus","","Valid Name","","Species","","Forsskål","1775","Y","d275540f-828b-4028-ac55-f3961627d63d","20170527T08:59:45.864+0000","ccba3b81-62fc-46f9-8d29-0130e517ae11","20170727T04:09:21.978+0000","35dbb93a-8731-48d2-b8d8-7d7bd407b253","ccba3b81-62fc-46f9-8d29-0130e517ae11","","","","","","","","","","","","","","",""
"","37386027","rivulatus","Scarus rivulatus Valenciennes, 1840","LABRIDAE","Scarus","","rivulatus","","Valid Name","","Species","","Valenciennes","1840","Y","b6e4816b-f93a-4b5c-89ee-bfc0c0594d2d","20170527T09:08:31.890+0000","6449426f-149e-4220-80c1-8b673446fc99","20170727T04:09:21.978+0000","35dbb93a-8731-48d2-b8d8-7d7bd407b253","6449426f-149e-4220-80c1-8b673446fc99","","","","","","","","","","","","","","",""
"","37386028","rubroviolaceus","Scarus rubroviolaceus Bleeker, 1847","LABRIDAE","Scarus","","rubroviolaceus","","Valid Name","","Species","","Bleeker","1847","Y","72c7468d-2606-4280-a746-c962812c9d00","20170527T09:10:43.394+0000","03b0fa1e-3788-4017-b499-0b2084069674","20170727T04:09:21.978+0000","35dbb93a-8731-48d2-b8d8-7d7bd407b253","03b0fa1e-3788-4017-b499-0b2084069674","","","","","","","","","","","","","","",""
"","37386029","schlegeli","Scarus schlegeli (Bleeker, 1861)","LABRIDAE","Scarus","","schlegeli","","Valid Name","","Species","","Bleeker","1861","N","d758ec51-2f8c-4aac-b2bd-f4c3823c5f82","20160414T07:15:23.517+0000","2aca3fdf-1aa1-4fab-8a3d-52b14d7cc265","20170727T04:09:21.978+0000","35dbb93a-8731-48d2-b8d8-7d7bd407b253","2aca3fdf-1aa1-4fab-8a3d-52b14d7cc265","","","","","","","","","","","","","","",""
"","37386031","spinus","Scarus spinus (Kner, 1868)","LABRIDAE","Scarus","","spinus","","Valid Name","","Species","","Kner","1868","N","6dd4bf99-bd64-4b60-b588-7a4f1ad26830","20160412T05:51:47.469+0000","c21ded2b-97a1-48bb-b0a7-434475225531","20170727T04:09:21.978+0000","35dbb93a-8731-48d2-b8d8-7d7bd407b253","c21ded2b-97a1-48bb-b0a7-434475225531","","","","","","","","","","","","","","",""
"","37445014","labyrinthicus","Schedophilus labyrinthicus McAlister & Randall, 1975","CENTROLOPHIDAE","Schedophilus","","labyrinthicus","","Valid Name","","Species","","McAlister & Randall","1975","Y","48f370c2-43ef-4212-9c72-a3d090ff7770","20131008T23:07:52.756+0000","e0294882-3f9c-4dd7-9cc1-3980e6acbae4","20131008T23:07:52.756+0000","aa6cb23b-f1a9-427a-b4eb-f3ee8e2d7bb3","e0294882-3f9c-4dd7-9cc1-3980e6acbae4","","","","","","","","","","","","","","",""
"","37445017","maculatus","Schedophilus maculatus Günther, 1860","CENTROLOPHIDAE","Schedophilus","","maculatus","","Valid Name","","Species","","Günther","1860","Y","82a3d0a5-5ea5-465c-b602-cd9bac98ad87","20131008T23:07:52.756+0000","f96801a8-5c3f-4422-9537-211edd7453e9","20131008T23:07:52.756+0000","aa6cb23b-f1a9-427a-b4eb-f3ee8e2d7bb3","f96801a8-5c3f-4422-9537-211edd7453e9","","","","","","","","","","","","","","",""
"","37068049","godeffroyi","Scolecenchelys godeffroyi (Regan, 1909)","OPHICHTHIDAE","Scolecenchelys","","godeffroyi","","Valid Name","","Species","","Regan","1909","N","344d270f-8645-4599-bb4f-e1b3b2c01d24","20180908T07:06:35.744+0000","21867d9d-245e-4189-89a7-b06e16172d32","20190305T04:57:36.559+0000","7eae5122-32c4-42b8-aed9-9628503ab229","21867d9d-245e-4189-89a7-b06e16172d32","","","","","","","","","","","","","","",""
"","37068023","macroptera","Scolecenchelys macroptera (Bleeker, 1857)","OPHICHTHIDAE","Scolecenchelys","","macroptera","","Valid Name","","Species","","Bleeker","1857","N","faacddaf-1153-48a1-b9d0-28e9bf695994","20180726T05:24:25.589+0000","e6cd1bdb-3627-4286-aec6-6c42d6de544c","20190305T04:57:36.559+0000","7eae5122-32c4-42b8-aed9-9628503ab229","e6cd1bdb-3627-4286-aec6-6c42d6de544c","","","","","","","","","","","","","","",""
"","37068037","nicholsae","Scolecenchelys nicholsae (Waite, 1904)","OPHICHTHIDAE","Scolecenchelys","","nicholsae","","Valid Name","","Species","","Waite","1904","N","cb1d544d-700d-4329-9dd9-0e6a905d0721","20180813T09:07:34.841+0000","5ef17941-3455-44c1-bc18-a57648e6e120","20190305T04:57:36.559+0000","7eae5122-32c4-42b8-aed9-9628503ab229","5ef17941-3455-44c1-bc18-a57648e6e120","","","","","","","","","","","","","","",""
"","37347031","bilineata","Scolopsis bilineata (Bloch, 1793)","NEMIPTERIDAE","Scolopsis","","bilineata","","Valid Name","","Species","","Bloch","1793","N","27d53595-0a4d-48c7-b14d-ecf06b0ae524","20131008T23:07:52.756+0000","4aaa9ebd-8944-4f57-b625-738d67980862","20131105T00:34:55.541+0000","bbf826f7-1be1-4056-916f-49f0922f67de","4aaa9ebd-8944-4f57-b625-738d67980862","","","","","","","","","","","","","","",""
"","37441001","australasicus","Scomber australasicus Cuvier, 1832","SCOMBRIDAE","Scomber","","australasicus","","Valid Name","","Species","","Cuvier","1832","Y","90f00aab-76ee-48d7-beb8-4d2a7201efdc","20131008T23:07:52.756+0000","b62fba79-345d-4180-863f-543aa851b22f","20131008T23:07:52.756+0000","b0655460-960e-4a63-ba67-4a52fb058633","b62fba79-345d-4180-863f-543aa851b22f","","","","","","","","","","","","","","",""
"","37236001","saurus","Scomberesox saurus (Walbaum, 1792)","SCOMBERESOCIDAE","Scomberesox","","saurus","","Valid Name","","Species","","Walbaum","1792","N","53dfb31a-8afd-4ac1-82c7-d3f22d438edf","20170426T07:20:00.697+0000","a4e46ea5-cf1c-4aab-9206-f67e78d02726","20180329T02:08:16.158+0000","6b4814d1-cb27-4cb0-9fe4-438bc05bcdd9","a4e46ea5-cf1c-4aab-9206-f67e78d02726","","","","","","","","","","","","","","",""
"","37122005","multipunctatus","Scopelopsis multipunctatus Brauer, 1906","MYCTOPHIDAE","Scopelopsis","","multipunctatus","","Valid Name","","Species","","Brauer","1906","Y","70b76271-8aa8-4c2a-951b-2ba7d7ea4b35","20081009T05:11:37.000+0000","f0db2656-5ef7-4823-854f-938d0e38bd6c","20100727T00:07:22.682+0000","edecf920-d286-4b1d-bf40-67adc3ec3a88","f0db2656-5ef7-4823-854f-938d0e38bd6c","","","","","","","","","","","","","","",""
"","37287125","bulacephala","Scorpaena bulacephala Motomura, Last & Yearsley, 2005","SCORPAENIDAE","Scorpaena","","bulacephala","","Valid Name","","Species","","Motomura, Last & Yearsley","2005","Y","316698d3-0f8b-4abe-a3bd-48adaffd914f","20160201T04:20:50.627+0000","7e08c8c2-1742-4eb2-ba0d-a9096c978f10","20160222T23:22:29.537+0000","0a08b985-d315-469d-b5b0-778dbf1d210b","7e08c8c2-1742-4eb2-ba0d-a9096c978f10","","","","","","","","","","","","","","",""
"","37287098","cardinalis","Scorpaena cardinalis Solander & Richardson, 1842","SCORPAENIDAE","Scorpaena","","cardinalis","","Valid Name","","Species","","Solander & Richardson","1842","Y","cb445104-0074-42de-9c1e-555e83a09ab9","20160201T04:20:50.627+0000","62664dc3-b4bf-4e01-ae03-bde08078df7e","20160222T23:22:29.537+0000","0a08b985-d315-469d-b5b0-778dbf1d210b","62664dc3-b4bf-4e01-ae03-bde08078df7e","","","","","","","","","","","","","","",""
"","37287041","onaria","Scorpaena onaria Jordan & Snyder, 1900","SCORPAENIDAE","Scorpaena","","onaria","","Valid Name","","Species","","Jordan & Snyder","1900","Y","b42e322d-656c-4b9b-8146-bff2a6947624","20160201T04:20:50.627+0000","b10a047a-0dcd-41e7-90cc-b7507e94e43d","20160222T23:22:29.537+0000","0a08b985-d315-469d-b5b0-778dbf1d210b","b10a047a-0dcd-41e7-90cc-b7507e94e43d","","","","","","","","","","","","","","",""
"","37287076","evides","Scorpaenodes evides (Jordan & Thompson, 1914)","SCORPAENIDAE","Scorpaenodes","","evides","","Valid Name","","Species","","Jordan & Thompson","1914","N","8c52cf6e-3a53-4c66-b699-92eaa8c6f829","20160201T04:20:50.627+0000","03109be1-2757-4676-9dcc-9f89c96adc55","20160222T23:22:29.537+0000","2e68623b-7b08-4635-b2d1-a10ba1d626c5","03109be1-2757-4676-9dcc-9f89c96adc55","","","","","","","","","","","","","","",""
"","37287074","guamensis","Scorpaenodes guamensis (Quoy & Gaimard, 1824)","SCORPAENIDAE","Scorpaenodes","","guamensis","","Valid Name","","Species","","Quoy & Gaimard","1824","N","60ec699e-2614-48ed-b5bf-00edf501ce31","20160208T23:27:13.674+0000","b04177e3-58d5-4b01-b010-bacd305fee02","20160222T23:22:29.537+0000","2e68623b-7b08-4635-b2d1-a10ba1d626c5","b04177e3-58d5-4b01-b010-bacd305fee02","","","","","","","","","","","","","","",""
"","37287077","parvipinnis","Scorpaenodes parvipinnis (Garrett, 1864)","SCORPAENIDAE","Scorpaenodes","","parvipinnis","","Valid Name","","Species","","Garrett","1864","N","8207be7c-3c61-4517-bdd9-8b09fdebb66f","20160201T04:20:50.627+0000","5657d2a8-ed6b-4d66-a90d-dfd7ab58618f","20160222T23:22:29.537+0000","2e68623b-7b08-4635-b2d1-a10ba1d626c5","5657d2a8-ed6b-4d66-a90d-dfd7ab58618f","","","","","","","","","","","","","","",""
"","37287078","scaber","Scorpaenodes scaber (Ramsay & Ogilby, 1886)","SCORPAENIDAE","Scorpaenodes","","scaber","","Valid Name","","Species","","Ramsay & Ogilby","1886","N","d40bf85f-7347-41a5-ad53-68314c51d74b","20160201T04:20:50.627+0000","cf91f1c5-64b0-4c74-8ac9-e9d645b6860d","20160222T23:22:29.537+0000","2e68623b-7b08-4635-b2d1-a10ba1d626c5","cf91f1c5-64b0-4c74-8ac9-e9d645b6860d","","","","","","","","","","","","","","",""
"","37287081","diabolus","Scorpaenopsis diabolus (Cuvier, 1829)","SCORPAENIDAE","Scorpaenopsis","","diabolus","","Valid Name","","Species","","Cuvier","1829","N","59ffe876-739f-431d-9127-565b95905312","20160201T04:20:50.627+0000","c6819db8-4c9d-43c2-88b8-48d9c4357533","20160222T23:22:29.537+0000","c58fd5c3-5625-4880-94e7-8d3197b5aef3","c6819db8-4c9d-43c2-88b8-48d9c4357533","","","","","","","","","","","","","","",""
"","37361009","lineolata","Scorpis lineolata Kner, 1865","SCORPIDIDAE","Scorpis","","lineolata","","Valid Name","","Species","","Kner","1865","Y","38d0772e-fd98-4a73-98e8-d066a3a307a5","20131008T23:07:52.756+0000","5fbec2c1-ace3-4c52-8003-036ada5bc4da","20131008T23:07:52.756+0000","34ff915e-e83e-4294-b562-257486e2006a","5fbec2c1-ace3-4c52-8003-036ada5bc4da","","","","","","","","","","","","","","",""
"","37361019","violacea","Scorpis violacea (Hutton, 1873)","SCORPIDIDAE","Scorpis","","violacea","","Valid Name","","Species","","Hutton","1873","N","22c2736e-99d4-4880-b0d3-2b48e5a084dc","20131008T23:07:52.756+0000","85215178-1d26-47a3-846a-ec1ad5e5b55f","20131008T23:07:52.756+0000","34ff915e-e83e-4294-b562-257486e2006a","85215178-1d26-47a3-846a-ec1ad5e5b55f","","","","","","","","","","","","","","",""
"","37287136","fowleri","Sebastapistes fowleri (Pietschmann, 1934)","SCORPAENIDAE","Sebastapistes","","fowleri","","Valid Name","","Species","","Pietschmann","1934","N","e3af15fd-e913-41cf-adf4-78412380891a","20160201T04:20:50.627+0000","dea9e4f6-eb18-43ec-9581-27e65bb7ee3d","20160222T23:22:29.537+0000","c97dd263-14d1-44d9-85f4-c76634323809","dea9e4f6-eb18-43ec-9581-27e65bb7ee3d","","","","","","","","","","","","","","",""
"","37337009","crumenophthalmus","Selar crumenophthalmus (Bloch, 1793)","CARANGIDAE","Selar","","crumenophthalmus","","Valid Name","","Species","","Bloch","1793","N","ca8de23f-5b2b-4fa8-a20c-8f924a33da69","20120115T07:23:57.922+0000","90340381-a520-41cc-911a-69a7edc78a02","20121213T07:07:48.331+0000","89180183-f709-4584-ba67-f6b5a3817f12","90340381-a520-41cc-911a-69a7edc78a02","","","","","","","","","","","","","","",""
"","37337025","dumerili","Seriola dumerili (Risso, 1810)","CARANGIDAE","Seriola","","dumerili","","Valid Name","","Species","","Risso","1810","N","f8121fe3-a084-4ca4-8c8e-b96ef1f78daf","20120503T07:17:03.874+0000","853ad760-f501-4e9f-8afb-4db6f2103bf4","20131031T06:29:24.986+0000","1eef9f97-a8bd-40d7-8727-48e1914c1892","853ad760-f501-4e9f-8afb-4db6f2103bf4","","","","","","","","","","","","","","",""
"","37337006","lalandi","Seriola lalandi Valenciennes, 1833","CARANGIDAE","Seriola","","lalandi","","Valid Name","","Species","","Valenciennes","1833","Y","9a57e3cf-329e-4359-8f6d-29003ed9e028","20120502T08:12:22.878+0000","dda3f9dd-1eed-45b4-bc04-63da84216fbf","20121213T07:07:48.331+0000","1eef9f97-a8bd-40d7-8727-48e1914c1892","dda3f9dd-1eed-45b4-bc04-63da84216fbf","","","","","","","","","","","","","","",""
"","37337052","rivoliana","Seriola rivoliana Valenciennes, 1833","CARANGIDAE","Seriola","","rivoliana","","Valid Name","","Species","","Valenciennes","1833","Y","6c64fd0e-af0c-4f48-a1c9-3745419b92ed","20121213T05:21:30.019+0000","7e61936f-e9f8-494c-a212-b9c06fbdbd86","20121213T07:07:48.331+0000","1eef9f97-a8bd-40d7-8727-48e1914c1892","7e61936f-e9f8-494c-a212-b9c06fbdbd86","","","","","","","","","","","","","","",""
"","37438001","fuscescens","Siganus fuscescens (Houttuyn, 1782)","SIGANIDAE","Siganus","","fuscescens","","Valid Name","","Species","","Houttuyn","1782","N","450b0246-0ac0-4e6f-8389-ebd6184f68cc","20131008T23:07:52.756+0000","0aa9653f-00c7-42b9-896b-f399103703b8","20131119T06:41:56.473+0000","54140f62-c111-4b18-baaf-c7868c258e9f","0aa9653f-00c7-42b9-896b-f399103703b8","","","","","","","","","","","","","","",""
"","37330010","ciliata","Sillago ciliata Cuvier, 1829","SILLAGINIDAE","Sillago","","ciliata","","Valid Name","","Species","","Cuvier","1829","Y","1522a490-9dcb-435d-a379-61d910ce13a9","20120206T13:36:35.284+0000","68b411d6-aeeb-42e8-8b6b-d8bb890a45b2","20121126T23:44:56.005+0000","5182e359-7696-46d4-b217-fbade4c694d7","68b411d6-aeeb-42e8-8b6b-d8bb890a45b2","","","","","","","","","","","","","","",""
"","37070005","parasitica","Simenchelys parasitica Gill, 1879","SYNAPHOBRANCHIDAE","Simenchelys","","parasitica","","Valid Name","","Species","","Gill","1879","Y","524488a8-9973-4ef7-a655-4570b85995a8","20180730T23:56:34.042+0000","503c83d1-15e2-40a8-901e-6c7f67b4df18","20190305T04:57:36.559+0000","8dc7d1a1-03bf-4d27-88bc-ed8bbfa060a7","503c83d1-15e2-40a8-901e-6c7f67b4df18","","","","","","","","","","","","","","",""
"","37282098","dunckeri","Solegnathus dunckeri Whitley, 1927","SYNGNATHIDAE","Solegnathus","","dunckeri","","Valid Name","","Species","","Whitley","1927","Y","b4c3ad90-a0d8-4d58-b1b2-761d21258949","20170418T14:16:53.499+0000","42e04d7c-468a-4063-a66c-2a78f114a162","20170727T04:24:54.431+0000","15b33b3d-2d0b-4c60-ae98-83d852d96314","42e04d7c-468a-4063-a66c-2a78f114a162","","","","","","","","","","","","","","",""
"","37232069","pumiliceps","Sphagemacrurus pumiliceps (Alcock, 1894)","MACROURIDAE","Sphagemacrurus","","pumiliceps","","Valid Name","","Species","","Alcock","1894","N","37785801-5fd0-4b18-bd73-997ec6f15c0e","20180509T07:09:14.324+0000","8c8a55be-f5d5-4fed-8145-fd5106d7fbe7","20180731T05:42:43.637+0000","f3cb89d1-9bf5-43b1-b7c7-ed16f5e0335f","8c8a55be-f5d5-4fed-8145-fd5106d7fbe7","","","","","","","","","","","","","","",""
"","37232103","richardi","Sphagemacrurus richardi (Weber, 1913)","MACROURIDAE","Sphagemacrurus","","richardi","","Valid Name","","Species","","Weber","1913","N","6dc0d831-a70b-47e2-bec8-e67171f8ef03","20180411T22:50:16.904+0000","93d82f2f-2d6b-44c7-8e79-64140695bca6","20180731T05:42:43.637+0000","f3cb89d1-9bf5-43b1-b7c7-ed16f5e0335f","93d82f2f-2d6b-44c7-8e79-64140695bca6","","","","","","","","","","","","","","",""
"","37382008","barracuda","Sphyraena barracuda (Edwards, 1771)","SPHYRAENIDAE","Sphyraena","","barracuda","","Valid Name","","Species","","Edwards","1771","N","c5626e37-c09d-4ec4-9490-a1ea4e94fff2","20131008T23:07:52.756+0000","62e2e85b-5f4d-4199-9ea8-0e340e0b572f","20140820T04:02:24.745+0000","9cf20a66-acaa-4405-af9d-74491c6cf40f","62e2e85b-5f4d-4199-9ea8-0e340e0b572f","","","","","","","","","","","","","","",""
"","37382007","obtusata","Sphyraena obtusata Cuvier, 1829","SPHYRAENIDAE","Sphyraena","","obtusata","","Valid Name","","Species","","Cuvier","1829","Y","60ab58af-1670-4130-acf2-a24440a043aa","20131008T23:07:52.756+0000","0399af32-436a-4e8b-aa51-88bb2d71b362","20150203T23:38:48.999+0000","9cf20a66-acaa-4405-af9d-74491c6cf40f","0399af32-436a-4e8b-aa51-88bb2d71b362","","","","","","","","","","","","","","",""
"","37085030","gracilis","Spratelloides gracilis (Schlegel, 1846)","CLUPEIDAE","Spratelloides","","gracilis","","Valid Name","","Species","","Schlegel","1846","N","cf8ef9c0-e308-4e9c-bcdf-d792185a8cff","20081009T05:11:37.000+0000","14e25c6f-c015-4a1c-8933-5c5914332a82","20100726T23:56:15.118+0000","6f926b58-1827-45d4-83ef-d7f41db7f712","14e25c6f-c015-4a1c-8933-5c5914332a82","","","","","","","","","","","","","","",""
"","37232070","modificatus","Squalogadus modificatus Gilbert & Hubbs, 1916","MACROURIDAE","Squalogadus","","modificatus","","Valid Name","","Species","","Gilbert & Hubbs","1916","Y","076bc3c4-9af9-41c0-a0f5-90c5f9f0e012","20180509T07:11:48.798+0000","63baac09-1ac8-4d2d-b692-1baa92c4db64","20180731T05:42:43.637+0000","91f0d635-9369-4b1d-90d9-cb37852a4110","63baac09-1ac8-4d2d-b692-1baa92c4db64","","","","","","","","","","","","","","",""
"","37408085","talboti","Stanulus talboti Springer, 1968","BLENNIIDAE","Stanulus","","talboti","","Valid Name","","Species","","Springer","1968","Y","6499b060-71b4-4770-b46e-d9a55e01c002","20131008T23:07:52.756+0000","16a1cea2-cd9e-4583-ab76-8e11161d3096","20131008T23:07:52.756+0000","7603ff9b-bb12-4de9-ad33-d3ca7601575e","16a1cea2-cd9e-4583-ab76-8e11161d3096","","","","","","","","","","","","","","",""
"","37372131","apicalis","Stegastes apicalis (De Vis, 1885)","POMACENTRIDAE","Stegastes","","apicalis","","Valid Name","","Species","","De Vis","1885","N","bc98581d-230a-49f0-82d0-7914625596f5","20170529T08:05:52.451+0000","5efef6aa-e665-4b7b-8f3a-6815a2a44196","20170727T04:09:21.978+0000","dfecd440-c5df-45f8-bf53-c7a636c3092c","5efef6aa-e665-4b7b-8f3a-6815a2a44196","","","","","","","","","","","","","","",""
"","37372132","fasciolatus","Stegastes fasciolatus (Ogilby, 1889)","POMACENTRIDAE","Stegastes","","fasciolatus","","Valid Name","","Species","","Ogilby","1889","N","f5710fb7-70ea-4fc9-ad4b-6dfa47ae1f65","20170529T06:52:17.611+0000","1e7d68e0-9645-4743-926f-6e91eb4c2e24","20170727T04:09:21.978+0000","dfecd440-c5df-45f8-bf53-c7a636c3092c","1e7d68e0-9645-4743-926f-6e91eb4c2e24","","","","","","","","","","","","","","",""
"","37372133","gascoynei","Stegastes gascoynei (Whitley, 1964)","POMACENTRIDAE","Stegastes","","gascoynei","","Valid Name","","Species","","Whitley","1964","N","0ea2ff78-e72f-4872-ae23-53d372a81ed7","20170524T04:15:31.200+0000","f932a93b-99ce-48a8-8f0e-a867b73521e1","20170727T04:09:21.978+0000","dfecd440-c5df-45f8-bf53-c7a636c3092c","f932a93b-99ce-48a8-8f0e-a867b73521e1","","","","","","","","","","","","","","",""
"","37126009","elegans","Stemonosudis elegans (Ege, 1933)","PARALEPIDIDAE","Stemonosudis","","elegans","","Valid Name","","Species","","Ege","1933","N","32ad6535-bc44-4005-ae05-6648ae5bb0ea","20160712T05:15:46.998+0000","cdfc17c0-6b46-4bfb-bc4e-1fdfcec4887e","20161222T00:27:39.419+0000","f5feb2e0-e811-4fec-b67b-b93776c6e1ec","cdfc17c0-6b46-4bfb-bc4e-1fdfcec4887e","","","","","","","","","","","","","","",""
"","37384154","bandanensis","Stethojulis bandanensis (Bleeker, 1851)","LABRIDAE","Stethojulis","","bandanensis","","Valid Name","","Species","","Bleeker","1851","N","be3cbbc9-e860-4e54-920c-ebad6eb8e66e","20170628T04:54:16.094+0000","63758778-cfdc-4249-a944-c3c1e762bdc8","20170727T04:09:21.978+0000","a8a700bb-50a3-4a1c-b06c-d3d3b0ea2807","63758778-cfdc-4249-a944-c3c1e762bdc8","","","","","","","","","","","","","","",""
"","37384155","interrupta","Stethojulis interrupta (Bleeker, 1851)","LABRIDAE","Stethojulis","","interrupta","","Valid Name","","Species","","Bleeker","1851","N","601fb23f-fd88-4aba-8e1b-73c13ec1cae8","20170625T08:18:51.765+0000","9dbcfe16-ccf1-493a-819a-03d2720b0dbd","20170727T04:09:21.978+0000","a8a700bb-50a3-4a1c-b06c-d3d3b0ea2807","9dbcfe16-ccf1-493a-819a-03d2720b0dbd","","","","","","","","","","","","","","",""
"","37384156","strigiventer","Stethojulis strigiventer (Bennett, 1832)","LABRIDAE","Stethojulis","","strigiventer","","Valid Name","","Species","","Bennett","1832","N","2054287e-34a0-4cd4-ab03-4777e125b932","20170628T04:53:18.039+0000","d9c45dbe-b625-43cb-8f0a-5332cdacffe5","20170727T04:09:21.978+0000","a8a700bb-50a3-4a1c-b06c-d3d3b0ea2807","d9c45dbe-b625-43cb-8f0a-5332cdacffe5","","","","","","","","","","","","","","",""
"","37384158","arquatus","Suezichthys arquatus Russell, 1985","LABRIDAE","Suezichthys","","arquatus","","Valid Name","","Species","","Russell","1985","Y","92838fff-afd8-435f-999a-849b413abcd9","20170626T04:13:55.178+0000","a23b4238-361b-4494-8d98-4a257e1913c4","20170727T04:09:21.978+0000","76e3241d-cbb5-4715-b05a-964e34e44af9","a23b4238-361b-4494-8d98-4a257e1913c4","","","","","","","","","","","","","","",""
"","37384159","aylingi","Suezichthys aylingi Russell, 1985","LABRIDAE","Suezichthys","","aylingi","","Valid Name","","Species","","Russell","1985","Y","f7374df0-cbe2-4422-8abd-59a67af83cb5","20170622T06:23:47.978+0000","39ed7915-5ee9-48b0-8633-cfb9e3e766f6","20170727T04:09:21.978+0000","76e3241d-cbb5-4715-b05a-964e34e44af9","39ed7915-5ee9-48b0-8633-cfb9e3e766f6","","","","","","","","","","","","","","",""
"","37465079","chrysopterus","Sufflamen chrysopterus (Bloch & Schneider, 1801)","BALISTIDAE","Sufflamen","","chrysopterus","","Valid Name","","Species","","Bloch & Schneider","1801","N","0996995e-1fcd-4cfd-863e-6d200824f3af","20140428T04:53:16.496+0000","1bc9d4d4-e728-4229-afd7-ad8006d44288","20140429T04:00:17.360+0000","25d54b0f-786c-429b-8d45-bee9af875cfc","1bc9d4d4-e728-4229-afd7-ad8006d44288","","","","","","","","","","","","","","",""
"","37465014","fraenatum","Sufflamen fraenatum (Latreille, 1804)","BALISTIDAE","Sufflamen","","fraenatum","","Valid Name","","Species","","Latreille","1804","N","8712110c-96fe-454a-a940-ba7a306d412e","20140428T04:53:16.496+0000","36425e5d-205d-4e71-9690-949d89ed0386","20140429T04:00:17.360+0000","25d54b0f-786c-429b-8d45-bee9af875cfc","36425e5d-205d-4e71-9690-949d89ed0386","","","","","","","","","","","","","","",""
"","37287089","verrucosa","Synanceia verrucosa Bloch & Schneider, 1801","SYNANCEIIDAE","Synanceia","","verrucosa","","Valid Name","","Species","","Bloch & Schneider","1801","Y","b6e77434-0d33-42f5-8a71-a7ee8dd538fc","20150413T06:46:07.702+0000","f1f54a69-e2a5-428c-a03d-32d8384cc260","20150505T21:35:04.768+0000","9a784ddf-4bc5-4ded-8e05-fb712d75de2d","f1f54a69-e2a5-428c-a03d-32d8384cc260","","","","","","","","","","","","","","",""
"","37070003","affinis","Synaphobranchus affinis Günther, 1877","SYNAPHOBRANCHIDAE","Synaphobranchus","","affinis","","Valid Name","","Species","","Günther","1877","Y","c826d309-4bac-4870-80b0-f98e00345039","20181001T10:46:23.658+0000","c343b968-7f25-4f96-9947-677d015fdd19","20190305T04:57:36.559+0000","16e833a8-62f3-43de-b36c-b91b1445eff3","c343b968-7f25-4f96-9947-677d015fdd19","","","","","","","","","","","","","","",""
"","37070008","kaupii","Synaphobranchus kaupii Johnson, 1862","SYNAPHOBRANCHIDAE","Synaphobranchus","","kaupii","","Valid Name","","Species","","Johnson","1862","Y","cd2d20ac-fc22-465b-8b40-54876f62806e","20181001T10:46:56.194+0000","fac4c537-b48b-463b-a62a-0d1034929eac","20190305T04:57:36.559+0000","16e833a8-62f3-43de-b36c-b91b1445eff3","fac4c537-b48b-463b-a62a-0d1034929eac","","","","","","","","","","","","","","",""
"","37070009","oregoni","Synaphobranchus oregoni Castle, 1960","SYNAPHOBRANCHIDAE","Synaphobranchus","","oregoni","","Valid Name","","Species","","Castle","1960","Y","6f82b5ff-9737-4fde-be13-212222858db6","20180811T06:06:32.506+0000","cbe1fc08-bb7e-4d2a-ae17-4330fa16a1fe","20190305T04:57:36.559+0000","16e833a8-62f3-43de-b36c-b91b1445eff3","cbe1fc08-bb7e-4d2a-ae17-4330fa16a1fe","","","","","","","","","","","","","","",""
"","37462018","macleayanus","Synclidopus macleayanus (Ramsay, 1881)","SOLEIDAE","Synclidopus","","macleayanus","","Valid Name","","Species","","Ramsay","1881","N","ec54afb0-560c-4191-a0e2-a15d5c86a4fa","20150706T08:21:48.780+0000","c0c35a69-0d54-455f-8e04-33d17ea7106d","20150707T22:49:59.218+0000","f70babc9-8924-4efa-977e-8e9d50613c1f","c0c35a69-0d54-455f-8e04-33d17ea7106d","","","","","","","","","","","","","","",""
"","37118021","binotatus","Synodus binotatus Schultz, 1953","SYNODONTIDAE","Synodus","","binotatus","","Valid Name","","Species","","Schultz","1953","Y","9e286b7f-8b07-4ad1-9ea6-a604f6a628a1","20160609T06:00:46.408+0000","638d4483-0336-4770-978b-8e5806b28065","20161222T00:27:39.419+0000","3a169682-59cd-46a7-a9fd-331446e4f33c","638d4483-0336-4770-978b-8e5806b28065","","","","","","","","","","","","","","",""
"","37118003","dermatogenys","Synodus dermatogenys Fowler, 1912","SYNODONTIDAE","Synodus","","dermatogenys","","Valid Name","","Species","","Fowler","1912","Y","0c528d8a-aedb-41e5-b4a5-14db173225a0","20160609T07:21:40.335+0000","9e98fb66-e9ae-4adc-a0e4-d90f1af9e0bf","20161222T00:27:39.419+0000","3a169682-59cd-46a7-a9fd-331446e4f33c","9e98fb66-e9ae-4adc-a0e4-d90f1af9e0bf","","","","","","","","","","","","","","",""
"","37118022","doaki","Synodus doaki Russell & Cressey, 1979","SYNODONTIDAE","Synodus","","doaki","","Valid Name","","Species","","Russell & Cressey","1979","Y","0e711753-cfe5-49b2-ab59-cdd290afadd6","20160609T06:07:58.390+0000","f0102a06-c5b3-4389-85ca-152ef387176d","20161222T00:27:39.419+0000","3a169682-59cd-46a7-a9fd-331446e4f33c","f0102a06-c5b3-4389-85ca-152ef387176d","","","","","","","","","","","","","","",""
"","37118024","houlti","Synodus houlti McCulloch, 1921","SYNODONTIDAE","Synodus","","houlti","","Valid Name","","Species","","McCulloch","1921","Y","1ac5ecbb-45f8-42b0-ba68-06e672be0b12","20160530T08:50:11.357+0000","e072f7b6-f4a4-4040-8401-7013c4dda675","20161222T00:27:39.419+0000","3a169682-59cd-46a7-a9fd-331446e4f33c","e072f7b6-f4a4-4040-8401-7013c4dda675","","","","","","","","","","","","","","",""
"","37118007","similis","Synodus similis McCulloch, 1921","SYNODONTIDAE","Synodus","","similis","","Valid Name","","Species","","McCulloch","1921","Y","8c241abe-ca1a-47a1-a2af-abcea50fa499","20160609T07:08:38.972+0000","82696723-2942-442c-9332-51eab76a6cc6","20161222T00:27:39.419+0000","3a169682-59cd-46a7-a9fd-331446e4f33c","82696723-2942-442c-9332-51eab76a6cc6","","","","","","","","","","","","","","",""
"","37118023","variegatus","Synodus variegatus (Lacépède, 1803)","SYNODONTIDAE","Synodus","","variegatus","","Valid Name","","Species","","Lacépède","1803","N","3aa59c21-4ffa-45b3-a29b-3325868e7ef9","20160609T07:28:45.495+0000","e1f9234d-291e-4a7e-819e-8d03d50c53e7","20161222T00:27:39.419+0000","3a169682-59cd-46a7-a9fd-331446e4f33c","e1f9234d-291e-4a7e-819e-8d03d50c53e7","","","","","","","","","","","","","","",""
"","37035017","meyeni","Taeniurops meyeni (Müller & Henle, 1841)","DASYATIDAE","Taeniurops","","meyeni","","Valid Name","","Species","","Müller & Henle","1841","N","068ef8d3-c4db-4ca4-a47a-6904a1495227","20180530T06:52:44.337+0000","faf7b0b6-9664-459b-9b27-871d7e37322d","20180731T05:40:10.818+0000","ebf5f14c-34b7-4a3b-8937-8ea2d44cb402","faf7b0b6-9664-459b-9b27-871d7e37322d","","","","","","","","","","","","","","",""
"","37114012","longifilis","Talismania longifilis (Brauer, 1902)","ALEPOCEPHALIDAE","Talismania","","longifilis","","Valid Name","","Species","","Brauer","1902","N","4bf4d06f-e73c-4e2c-9f3c-0b81440f5eaf","20160523T00:06:44.378+0000","df459893-fad9-454d-982a-6cdfbf3ba228","20160606T05:32:28.811+0000","b5ae0c82-4832-4fc7-bffc-4b1814098c3c","df459893-fad9-454d-982a-6cdfbf3ba228","","","","","","","","","","","","","","",""
"","37321002","jarbua","Terapon jarbua (Forsskål, 1775)","TERAPONTIDAE","Terapon","","jarbua","","Valid Name","","Species","","Forsskål","1775","N","7b6518fa-0aa0-4172-abba-f9d3810f32ea","20180501T05:26:31.646+0000","0a9baef6-54f3-41e9-8694-823e82dd14f2","20180903T04:33:06.198+0000","c1df8f21-2633-444b-861e-b6e71e57f719","0a9baef6-54f3-41e9-8694-823e82dd14f2","","","","","","","","","","","","","","",""
"","37467054","hamiltoni","Tetractenos hamiltoni (Richardson, 1846)","TETRAODONTIDAE","Tetractenos","","hamiltoni","","Valid Name","","Species","","Richardson","1846","N","5b5ae660-f7fa-422b-a1cb-ec2d491cc2b3","20140428T04:53:16.496+0000","e8e1bff1-fc7f-47a4-80fe-52360fed6017","20140429T04:00:17.360+0000","3be0397f-2ba9-48aa-badd-225521fc120d","e8e1bff1-fc7f-47a4-80fe-52360fed6017","","","","","","","","","","","","","","",""
"","37449003","atlanticus","Tetragonurus atlanticus Lowe, 1839","TETRAGONURIDAE","Tetragonurus","","atlanticus","","Valid Name","","Species","","Lowe","1839","Y","63955722-a214-434e-8837-d9cfb0a84975","20120522T08:26:58.329+0000","5b40f1c8-abd3-415b-b780-21321e0f0457","20131008T01:55:24.681+0000","59bf3e59-8d78-4085-8d06-b61dc0afb757","5b40f1c8-abd3-415b-b780-21321e0f0457","","","","","","","","","","","","","","",""
"","37449001","cuvieri","Tetragonurus cuvieri Risso, 1810","TETRAGONURIDAE","Tetragonurus","","cuvieri","","Valid Name","","Species","","Risso","1810","Y","3a8c48e8-7d24-4709-8fce-3b7a758fac91","20131008T23:07:52.756+0000","3eb91260-681b-4230-93e9-5dcf41400c91","20131008T23:07:52.756+0000","59bf3e59-8d78-4085-8d06-b61dc0afb757","3eb91260-681b-4230-93e9-5dcf41400c91","","","","","","","","","","","","","","",""
"","37466008","reipublicae","Tetrosomus reipublicae (Whitley, 1930)","OSTRACIIDAE","Tetrosomus","","reipublicae","","Valid Name","","Species","","Whitley","1930","N","1f351e89-7451-4e6d-aa99-be5f59222ad1","20140428T04:53:16.496+0000","488d1cc8-a07f-4f71-b067-753ec2e3ac4d","20170804T02:43:11.314+0000","1bb3d3ae-285d-4093-aca0-17db0d52835f","488d1cc8-a07f-4f71-b067-753ec2e3ac4d","","","","","","","","","","","","","","",""
"","37384164","amblycephalus","Thalassoma amblycephalus (Bleeker, 1856)","LABRIDAE","Thalassoma","","amblycephalus","","Valid Name","","Species","","Bleeker","1856","N","e5ca238f-7d3d-4bd8-a803-40138a211ef5","20170628T04:43:29.272+0000","e1073bb0-6f45-4646-9aff-32a8f48db93f","20170727T04:09:21.978+0000","c389a709-e2ed-47ef-8c4b-b9c64b3bd9d7","e1073bb0-6f45-4646-9aff-32a8f48db93f","","","","","","","","","","","","","","",""
"","37384165","hardwicke","Thalassoma hardwicke (Bennett, 1829)","LABRIDAE","Thalassoma","","hardwicke","","Valid Name","","Species","","Bennett","1829","N","0fc8dd2d-fc4d-405a-9cfd-1305d59be120","20170628T04:44:31.099+0000","a1da719c-00ed-4241-9950-94230c066377","20170727T04:09:21.978+0000","c389a709-e2ed-47ef-8c4b-b9c64b3bd9d7","a1da719c-00ed-4241-9950-94230c066377","","","","","","","","","","","","","","",""
"","37384167","lunare","Thalassoma lunare (Linnaeus, 1758)","LABRIDAE","Thalassoma","","lunare","","Valid Name","","Species","","Linnaeus","1758","N","1571a174-7d92-4d4f-8637-55b88a52c6d3","20170628T04:48:24.581+0000","40d52eba-d980-491f-82e1-538d56e5a332","20170727T04:09:21.978+0000","c389a709-e2ed-47ef-8c4b-b9c64b3bd9d7","40d52eba-d980-491f-82e1-538d56e5a332","","","","","","","","","","","","","","",""
"","37384168","lutescens","Thalassoma lutescens (Lay & Bennett, 1839)","LABRIDAE","Thalassoma","","lutescens","","Valid Name","","Species","","Lay & Bennett","1839","N","85444b78-d86e-4b26-a21a-1669a5233454","20170628T04:49:46.375+0000","0fbef640-0588-4dae-b287-c8109d3cbd77","20170727T04:09:21.978+0000","c389a709-e2ed-47ef-8c4b-b9c64b3bd9d7","0fbef640-0588-4dae-b287-c8109d3cbd77","","","","","","","","","","","","","","",""
"","37384196","nigrofasciatum","Thalassoma nigrofasciatum Randall, 2003","LABRIDAE","Thalassoma","","nigrofasciatum","","Valid Name","","Species","","Randall","2003","Y","3c1329e3-e86e-4212-9c99-e000c9f0a26e","20170628T04:47:40.391+0000","24067951-160f-4171-8ca3-87e60767240d","20170727T04:09:21.978+0000","c389a709-e2ed-47ef-8c4b-b9c64b3bd9d7","24067951-160f-4171-8ca3-87e60767240d","","","","","","","","","","","","","","",""
"","37384169","purpureum","Thalassoma purpureum (Forsskål, 1775)","LABRIDAE","Thalassoma","","purpureum","","Valid Name","","Species","","Forsskål","1775","N","ccf3b589-c6a8-4f74-874b-c9bfa025224c","20170628T04:50:30.073+0000","f01956f2-f41b-4297-85a8-0accba9305b5","20170727T04:09:21.978+0000","c389a709-e2ed-47ef-8c4b-b9c64b3bd9d7","f01956f2-f41b-4297-85a8-0accba9305b5","","","","","","","","","","","","","","",""
"","37384170","quinquevittatum","Thalassoma quinquevittatum (Lay & Bennett, 1839)","LABRIDAE","Thalassoma","","quinquevittatum","","Valid Name","","Species","","Lay & Bennett","1839","N","d303b62a-93bd-4f89-847b-5bb5c7981165","20170627T05:53:41.469+0000","0b5a9133-dd78-412a-b5a5-8fbde38646fb","20170727T04:09:21.978+0000","c389a709-e2ed-47ef-8c4b-b9c64b3bd9d7","0b5a9133-dd78-412a-b5a5-8fbde38646fb","","","","","","","","","","","","","","",""
"","37384172","trilobatum","Thalassoma trilobatum (Lacépède, 1801)","LABRIDAE","Thalassoma","","trilobatum","","Valid Name","","Species","","Lacépède","1801","N","019ec4db-de75-49b9-86ae-4f783a3a7d65","20170627T06:56:20.011+0000","78bbc2a0-9746-4187-9cd7-4c4e6bd9249c","20170727T04:09:21.978+0000","c389a709-e2ed-47ef-8c4b-b9c64b3bd9d7","78bbc2a0-9746-4187-9cd7-4c4e6bd9249c","","","","","","","","","","","","","","",""
"","37465084","analis","Thamnaconus analis (Waite, 1904)","MONACANTHIDAE","Thamnaconus","","analis","","Valid Name","","Species","","Waite","1904","N","d74397bd-0a4d-46e1-ba69-559fc6ca2db8","20140428T04:53:16.496+0000","a073c6b2-a371-4ced-b3a9-50dbe6c82ffd","20140429T04:00:17.360+0000","4c15670e-90d5-433b-a109-3ff09370d729","a073c6b2-a371-4ced-b3a9-50dbe6c82ffd","","","","","","","","","","","","","","",""
"","37465038","modestoides","Thamnaconus modestoides (Barnard, 1927)","MONACANTHIDAE","Thamnaconus","","modestoides","","Valid Name","","Species","","Barnard","1927","N","49f20005-f24d-406e-8f5b-20976d5f78fd","20170804T02:43:11.314+0000","b1d72036-4d13-4fb3-8100-a9365ee76d46","20170804T02:43:11.314+0000","4c15670e-90d5-433b-a109-3ff09370d729","b1d72036-4d13-4fb3-8100-a9365ee76d46","","","","","","","","","","","","","","",""
"","37441005","alalunga","Thunnus alalunga (Bonnaterre, 1788)","SCOMBRIDAE","Thunnus","","alalunga","","Valid Name","","Species","","Bonnaterre","1788","N","6b39df1a-af8d-4495-aa09-08f488a2eeb2","20131008T23:07:52.756+0000","819ac5a3-58da-4640-8645-a6a506bb356f","20140711T01:38:15.891+0000","9c2be46d-14bb-4fb7-bb12-6619f287506b","819ac5a3-58da-4640-8645-a6a506bb356f","","","","","","","","","","","","","","",""
"","37441002","albacares","Thunnus albacares (Bonnaterre, 1788)","SCOMBRIDAE","Thunnus","","albacares","","Valid Name","","Species","","Bonnaterre","1788","N","cd9db0a1-f6dd-4df0-90b0-7cd311dedc2a","20131008T23:07:52.756+0000","66b058dc-6951-47db-82c4-c45a1aae5b58","20140711T01:38:15.891+0000","9c2be46d-14bb-4fb7-bb12-6619f287506b","66b058dc-6951-47db-82c4-c45a1aae5b58","","","","","","","","","","","","","","",""
"","37441004","maccoyii","Thunnus maccoyii (Castelnau, 1872)","SCOMBRIDAE","Thunnus","","maccoyii","","Valid Name","","Species","","Castelnau","1872","N","268b6b31-cf0d-4622-befa-e3dee731b852","20131008T23:07:52.756+0000","dd2d7fa7-6c4b-4e46-944d-bf855192735d","20131008T23:07:52.756+0000","9c2be46d-14bb-4fb7-bb12-6619f287506b","dd2d7fa7-6c4b-4e46-944d-bf855192735d","","","","","","","","","","","","","","",""
"","37467056","altipinnis","Torquigener altipinnis (Ogilby, 1891)","TETRAODONTIDAE","Torquigener","","altipinnis","","Valid Name","","Species","","Ogilby","1891","N","e789c1b3-71a9-455d-97c0-3ff3496aefde","20140428T04:53:16.496+0000","3f8b4c75-523d-4af9-8d90-476a9823318e","20140429T04:00:17.360+0000","bda4315c-214d-4a13-b83d-6664eb2f3436","3f8b4c75-523d-4af9-8d90-476a9823318e","","","","","","","","","","","","","","",""
"","37467030","pleurogramma","Torquigener pleurogramma (Regan, 1903)","TETRAODONTIDAE","Torquigener","","pleurogramma","","Valid Name","","Species","","Regan","1903","N","a40084cc-0d28-42e1-8b21-fdaac825a474","20140428T04:53:16.496+0000","8db18894-6024-4b40-bedc-bf42f0322a8b","20140429T04:00:17.360+0000","bda4315c-214d-4a13-b83d-6664eb2f3436","8db18894-6024-4b40-bedc-bf42f0322a8b","","","","","","","","","","","","","","",""
"","37118002","trachinus","Trachinocephalus trachinus (Temminck & Schlegel, 1846)","SYNODONTIDAE","Trachinocephalus","","trachinus","","Valid Name","","Species","","Temminck & Schlegel","1846","N","7dd408e1-a8b2-421f-8b77-61396fff5568","20161215T04:29:47.395+0000","aaac1bdb-fcd9-4541-9346-ef7f5d1d9670","20161222T00:27:39.419+0000","b7c26f8c-90e3-4831-a64e-0542848db077","aaac1bdb-fcd9-4541-9346-ef7f5d1d9670","","","","","","","","","","","","","","",""
"","37337074","baillonii","Trachinotus baillonii (Lacépède, 1801)","CARANGIDAE","Trachinotus","","baillonii","","Valid Name","","Species","","Lacépède","1801","N","1cc6c59a-9cdc-400c-91f0-69efd941bebc","20120115T08:35:14.286+0000","862768c3-e518-4274-a918-ae377aa1933d","20121213T07:07:48.331+0000","d99e53b7-3ac2-460c-85fa-e360e619bbc1","862768c3-e518-4274-a918-ae377aa1933d","","","","","","","","","","","","","","",""
"","37337076","coppingeri","Trachinotus coppingeri Günther, 1884","CARANGIDAE","Trachinotus","","coppingeri","","Valid Name","","Species","","Günther","1884","Y","1ec96ed5-7779-495c-ade7-c59635c5bb13","20111127T09:37:39.699+0000","626805c3-c5db-4fdf-847e-ea8b0c4e04e9","20121213T07:07:48.331+0000","d99e53b7-3ac2-460c-85fa-e360e619bbc1","626805c3-c5db-4fdf-847e-ea8b0c4e04e9","","","","","","","","","","","","","","",""
"","37232076","gagates","Trachonurus gagates Iwamoto & McMillan, 1997","MACROURIDAE","Trachonurus","","gagates","","Valid Name","","Species","","Iwamoto & McMillan","1997","Y","1f9b8de2-1b43-474a-9a12-da7cf20c2dfb","20180516T06:25:43.423+0000","6aa4ad27-f9e5-4374-8b56-4b27fbd1ef52","20180731T05:42:43.637+0000","fe61d9d5-cde1-4ffd-bb31-9d94dd74c371","6aa4ad27-f9e5-4374-8b56-4b27fbd1ef52","","","","","","","","","","","","","","",""
"","37337003","novaezelandiae","Trachurus novaezelandiae Richardson, 1843","CARANGIDAE","Trachurus","","novaezelandiae","","Valid Name","","Species","","Richardson","1843","Y","43039dfe-5576-4234-8c53-9c3cdb0b9f06","20120115T11:43:00.340+0000","b1438325-ab4d-46f4-a6da-295963a4579d","20121213T07:07:48.331+0000","3768675a-aa3e-4800-8c26-06d3206d0f01","b1438325-ab4d-46f4-a6da-295963a4579d","","","","","","","","","","","","","","",""
"","37311164","macracanthus","Trachypoma macracanthus Günther, 1859","SERRANIDAE","Trachypoma","","macracanthus","","Valid Name","","Species","","Günther","1859","Y","d22ea868-a72b-48b9-97ad-8779cc8256c0","20120107T08:14:56.042+0000","7551a0eb-3767-49c0-a449-cc95a711dc12","20180601T06:02:12.387+0000","fb5d6a8e-f88d-4dfd-bc3f-fc2d73fcf7f6","7551a0eb-3767-49c0-a449-cc95a711dc12","","","","","","","","","","","","","","",""
"","37287046","eschmeyeri","Trachyscorpia eschmeyeri Whitley, 1970","SEBASTIDAE","Trachyscorpia","","eschmeyeri","","Valid Name","","Species","","Whitley","1970","Y","1a90c374-468d-4886-9949-d094011295b8","20150316T06:26:21.845+0000","cd197bd9-a2ca-48bd-a9e8-5279f4ce808b","20150505T21:35:04.768+0000","da47a5e5-ddf9-4e15-a816-fb01c21bc55c","cd197bd9-a2ca-48bd-a9e8-5279f4ce808b","","","","","","","","","","","","","","",""
"","37428380","caesiura","Trimma caesiura Jordan & Seale, 1906","GOBIIDAE","Trimma","","caesiura","","Valid Name","","Species","","Jordan & Seale","1906","Y","38cbc308-c7dd-4c6a-9191-e380cef5c4ce","20150610T22:08:14.918+0000","74e75170-d0c0-4377-a4cb-40374df6d511","20181203T23:02:24.999+0000","2f21c6fa-3f2b-49fa-84ea-2b951e0846c6","74e75170-d0c0-4377-a4cb-40374df6d511","","","","","","","","","","","","","","",""
"","37428276","nanus","Trimmatom nanus Winterbottom & Emery, 1981","GOBIIDAE","Trimmatom","","nanus","","Valid Name","","Species","","Winterbottom & Emery","1981","Y","6560d918-b218-4775-8f85-74da39eca960","20171103T04:47:00.296+0000","daab7eed-666e-4344-b4a1-f736391c514c","20181203T23:02:24.999+0000","b76b67e0-a78c-48e9-9db3-594a992d8f70","daab7eed-666e-4344-b4a1-f736391c514c","","","","","","","","","","","","","","",""
"","37224004","gilchristi","Tripterophycis gilchristi Boulenger, 1902","MORIDAE","Tripterophycis","","gilchristi","","Valid Name","","Species","","Boulenger","1902","Y","706fc109-828e-417b-9d2d-6fbf8239f99f","20151019T02:08:18.199+0000","75d7f354-f002-4f2b-b3d7-a159f5d7dab1","20151125T23:15:40.328+0000","e3ec7e7e-d0ee-4d37-a920-312d2e908640","75d7f354-f002-4f2b-b3d7-a159f5d7dab1","","","","","","","","","","","","","","",""
"","37224029","svetovidovi","Tripterophycis svetovidovi Sazonov & Shcherbachev, 1986","MORIDAE","Tripterophycis","","svetovidovi","","Valid Name","","Species","","Sazonov & Shcherbachev","1986","Y","41dd264c-fdb5-4c62-8739-63c0e9ef460c","20151028T04:11:34.156+0000","b71cb697-e060-43f6-a522-cdfd2dca8da8","20151125T23:15:40.328+0000","e3ec7e7e-d0ee-4d37-a920-312d2e908640","b71cb697-e060-43f6-a522-cdfd2dca8da8","","","","","","","","","","","","","","",""
"","37038001","bucculentus","Urolophus bucculentus Macleay, 1884","UROLOPHIDAE","Urolophus","","bucculentus","","Valid Name","","Species","","Macleay","1884","Y","c90e13a1-b9b7-4478-8ddb-4773ee5e0cce","20111012T06:18:18.910+0000","a9003e97-84de-4b8a-a155-2542cb17e53d","20140820T04:34:25.442+0000","45c77d03-cc96-4f71-b6b2-087569ba3fab","a9003e97-84de-4b8a-a155-2542cb17e53d","","","","","","","","","","","","","","",""
"","37428286","strigata","Valenciennea strigata (Broussonet, 1782)","GOBIIDAE","Valenciennea","","strigata","","Valid Name","","Species","","Broussonet","1782","N","baf2b8e2-474a-4f52-968c-cdd3b70fff93","20171104T06:05:33.109+0000","1460dbdd-4924-4467-935b-adf4ecade852","20181203T23:02:24.999+0000","1cbda7b8-4fa2-4045-86e4-2d50fa85c333","1460dbdd-4924-4467-935b-adf4ecade852","","","","","","","","","","","","","","",""
"","37311166","louti","Variola louti (Forsskål, 1775)","SERRANIDAE","Variola","","louti","","Valid Name","","Species","","Forsskål","1775","N","1cc57942-d8d9-4d1e-b781-03043907964d","20120310T06:03:50.167+0000","b3dc2475-3b23-4fe1-aa9f-ecc28eb5fc7e","20180601T06:02:12.387+0000","e41bddfc-3da9-469f-8f66-7921c3df83cd","b3dc2475-3b23-4fe1-aa9f-ecc28eb5fc7e","","","","","","","","","","","","","","",""
"","37232073","johnboborum","Ventrifossa johnboborum Iwamoto, 1982","MACROURIDAE","Ventrifossa","","johnboborum","","Valid Name","","Species","","Iwamoto","1982","Y","d1a56418-d816-4d6a-9a67-5d02347bbdc3","20180515T04:21:46.286+0000","7d2ddb4b-d9d9-4300-b182-865e1ac3bb47","20180731T05:42:43.637+0000","6f0ccc6f-bde9-4529-a75e-5b084e7093ae","7d2ddb4b-d9d9-4300-b182-865e1ac3bb47","","","","","","","","","","","","","","",""
"","37384174","nigropinnata","Wetmorella nigropinnata (Seale, 1901)","LABRIDAE","Wetmorella","","nigropinnata","","Valid Name","","Species","","Seale","1901","N","9b85febb-7c3b-4b16-a381-446774a8ab2f","20170627T07:59:44.147+0000","d5bac810-575f-4b38-9a88-7898cab1f912","20170727T04:09:21.978+0000","33aae5fe-66a4-478f-91be-fbc1cd969ae0","d5bac810-575f-4b38-9a88-7898cab1f912","","","","","","","","","","","","","","",""
"","37465080","auromarginatus","Xanthichthys auromarginatus (Bennett, 1832)","BALISTIDAE","Xanthichthys","","auromarginatus","","Valid Name","","Species","","Bennett","1832","N","699f766d-3299-408d-9d10-ff7e2ab61f5a","20140428T04:53:16.496+0000","3d0cca04-c961-4df3-ad91-b01cd9962e51","20140429T04:00:17.360+0000","80d5f1a6-f33a-4200-bb0a-ee7898622091","3d0cca04-c961-4df3-ad91-b01cd9962e51","","","","","","","","","","","","","","",""
"","37429060","eirospilus","Xenisthmus eirospilus Gill & Hoese, 2004","XENISTHMIDAE","Xenisthmus","","eirospilus","","Valid Name","","Species","","Gill & Hoese","2004","Y","3c23db8b-c555-4249-b846-867d8776a81b","20150610T22:08:14.918+0000","bc40e079-369d-4443-a1c7-baa25a4502a2","20181203T23:02:24.999+0000","46c4e11e-db50-4d5f-a5d4-9023935c1471","bc40e079-369d-4443-a1c7-baa25a4502a2","","","","","","","","","","","","","","",""
"","37408087","matsubarai","Xiphasia matsubarai Okada & Suzuki, 1952","BLENNIIDAE","Xiphasia","","matsubarai","","Valid Name","","Species","","Okada & Suzuki","1952","Y","57c27117-d0e2-4e02-8cd7-bf9db5baae56","20120516T15:38:28.253+0000","6d22aaa6-e4e8-43a3-9f0e-8f1df74e2ee8","20130131T23:58:58.093+0000","c3d3ac12-26ac-4c74-8829-3d8dc7887399","6d22aaa6-e4e8-43a3-9f0e-8f1df74e2ee8","","","","","","","","","","","","","","",""
"","37408001","setifer","Xiphasia setifer Swainson, 1839","BLENNIIDAE","Xiphasia","","setifer","","Valid Name","","Species","","Swainson","1839","Y","dd794d38-1f39-4a44-9898-3992b6345da0","20131008T23:07:52.756+0000","d97cd206-4927-41c1-af4f-61d2d0597fd3","20131009T04:02:40.786+0000","c3d3ac12-26ac-4c74-8829-3d8dc7887399","d97cd206-4927-41c1-af4f-61d2d0597fd3","","","","","","","","","","","","","","",""
"","37442001","gladius","Xiphias gladius Linnaeus, 1758","XIPHIIDAE","Xiphias","","gladius","","Valid Name","","Species","","Linnaeus","1758","Y","eb8d4c17-1e9e-45df-b941-75252048d6be","20131008T23:07:52.756+0000","d8c21d8c-584c-431d-aef4-f42812de096a","20131008T23:07:52.756+0000","b2b54782-d62c-47af-a137-2c3a6671aeb1","d8c21d8c-584c-431d-aef4-f42812de096a","","","","","","","","","","","","","","",""
"","37367005","elevatus","Zanclistius elevatus (Ramsay & Ogilby, 1888)","PENTACEROTIDAE","Zanclistius","","elevatus","","Valid Name","","Species","","Ramsay & Ogilby","1888","N","641da94d-e32e-4994-998f-a8faaf0bdb8f","20140107T23:09:55.043+0000","fc349d68-4d6b-459b-a1c8-bb7cc2433cd4","20140107T23:09:55.043+0000","b12adac6-e4fb-418c-90a0-8353ae7bee81","fc349d68-4d6b-459b-a1c8-bb7cc2433cd4","","","","","","","","","","","","","","",""
"","37437001","cornutus","Zanclus cornutus (Linnaeus, 1758)","ZANCLIDAE","Zanclus","","cornutus","","Valid Name","","Species","","Linnaeus","1758","N","13fd731f-2675-4e44-a8ba-3447f2024dd9","20131008T23:07:52.756+0000","e145e8ba-8329-4d8a-9c7c-a891e14459b8","20131008T23:07:52.756+0000","a2109d92-7b8d-46b3-8f9c-d56321f5561c","e145e8ba-8329-4d8a-9c7c-a891e14459b8","","","","","","","","","","","","","","",""
"","37437036","scopas","Zebrasoma scopas (Cuvier, 1829)","ACANTHURIDAE","Zebrasoma","","scopas","","Valid Name","","Species","","Cuvier","1829","N","b2a736fd-1e3c-4966-a16d-6e937993e0c1","20131008T23:07:52.756+0000","fe59bc84-27f2-4fec-9074-9e95c810c51d","20131008T23:07:52.756+0000","a9cbc55d-4edd-407e-aabc-b2838b55ac45","fe59bc84-27f2-4fec-9074-9e95c810c51d","","","","","","","","","","","","","","",""
"","37437037","veliferum","Zebrasoma veliferum (Bloch, 1795)","ACANTHURIDAE","Zebrasoma","","veliferum","","Valid Name","","Species","","Bloch","1795","N","87b01789-fe8a-4e40-9e2d-52844374018d","20131008T23:07:52.756+0000","5c40fc30-8efe-4171-af6b-c8f3e6715991","20131008T23:07:52.756+0000","a9cbc55d-4edd-407e-aabc-b2838b55ac45","5c40fc30-8efe-4171-af6b-c8f3e6715991","","","","","","","","","","","","","","",""
"","37263001","japonicum","Zenion japonicum Kamohara, 1934","ZENIONTIDAE","Zenion","","japonicum","","Valid Name","","Species","","Kamohara","1934","Y","1d4ad9c9-8b90-4ddd-b168-aaf11aedfd6d","20130506T03:11:59.194+0000","2021608e-376e-48af-b86d-2326fbeb5d48","20130506T04:26:12.282+0000","6aceeaee-ef92-4410-b5b9-16f3d3d7ef52","2021608e-376e-48af-b86d-2326fbeb5d48","","","","","","","","","","","","","","",""
"","37264003","nebulosa","Zenopsis nebulosa (Temminck & Schlegel, 1845)","ZEIDAE","Zenopsis","","nebulosa","","Valid Name","","Species","","Temminck & Schlegel","1845","N","267b58c5-511b-4c93-9b9e-51ac76d64fb2","20130506T03:25:44.633+0000","4156f98a-c94a-43c0-9738-65eac5d9178c","20130506T04:26:12.282+0000","d37c2a74-e583-44a2-818b-d33743522728","4156f98a-c94a-43c0-9738-65eac5d9178c","","","","","","","","","","","","","","",""
"","37271003","cristatus","Zu cristatus (Bonelli, 1820)","TRACHIPTERIDAE","Zu","","cristatus","","Valid Name","","Species","","Bonelli","1820","N","d34bc518-7a8e-47df-9e3a-f0ad757e7e23","20180627T09:47:30.413+0000","21e865c3-851a-4f77-81e9-ed902596c6a7","20180731T05:33:35.120+0000","32488cca-8c0e-4392-bf94-1a4ab45b5f6e","21e865c3-851a-4f77-81e9-ed902596c6a7","","","","","","","","","","","","","","",""
