"CAVS_CODE","CAAB_CODE","NAMES_VARIOUS","SCIENTIFIC_NAME","FAMILY","GENUS","SUBGENUS","SPECIES","SUBSPECIES","NAME_TYPE","NAME_SUBTYPE","RANK","QUALIFICATION","AUTHOR","YEAR","ORIG_COMBINATION","NAME_GUID","NAME_LAST_UPDATE","TAXON_GUID","TAXON_LAST_UPDATE","PARENT_TAXON_GUID","CONCEPT_GUID","PUB_PUB_AUTHOR","PUB_PUB_YEAR","PUB_PUB_TITLE","PUB_PUB_PAGES","PUB_PUB_PARENT_BOOK_TITLE","PUB_PUB_PARENT_JOURNAL_TITLE","PUB_PUB_PARENT_ARTICLE_TITLE","PUB_PUB_PUBLICATION_DATE","PUB_PUB_PUBLISHER","PUB_PUB_FORMATTED","PUB_PUB_QUALIFICATION","PUB_PUB_TYPE","PUBLICATION_GUID","PUBLICATION_LAST_UPDATE","PARENT_PUBLICATION_GUID"
"","37206036","bathys","Alabes bathys Hutchins, 2006","GOBIESOCIDAE","Alabes","","bathys","","Valid Name","","Species","","Hutchins","2006","Y","c739c509-65fc-412b-8894-81d51bea2505","20131009T01:05:48.488+0000","af8deb36-6402-4804-9e75-a1979878ec8b","20190521T05:24:31.422+0000","fa3d1c20-9604-4497-9241-36c36ced8727","af8deb36-6402-4804-9e75-a1979878ec8b","","","","","","","","","","","","","","",""
"","37114013","antipodianus","Alepocephalus antipodianus (Parrott, 1948)","ALEPOCEPHALIDAE","Alepocephalus","","antipodianus","","Valid Name","","Species","","Parrott","1948","N","6692c14e-75ec-479b-84b5-e08d3373a640","20160523T00:06:44.378+0000","d2371ffd-1505-4089-861c-0ab6f362e397","20160606T05:32:28.811+0000","ade0043a-0530-4578-8d69-3752edbd34a9","d2371ffd-1505-4089-861c-0ab6f362e397","","","","","","","","","","","","","","",""
"","37114014","australis","Alepocephalus australis Barnard, 1923","ALEPOCEPHALIDAE","Alepocephalus","","australis","","Valid Name","","Species","","Barnard","1923","Y","3c42e07f-40bc-4737-b21c-44292a03c2d9","20160523T00:06:44.378+0000","85beb4fd-e7cb-451b-8bf2-c177ec90dc7a","20160606T05:32:28.811+0000","ade0043a-0530-4578-8d69-3752edbd34a9","85beb4fd-e7cb-451b-8bf2-c177ec90dc7a","","","","","","","","","","","","","","",""
"","37266005","niger","Allocyttus niger James, Inada & Nakamura, 1988","OREOSOMATIDAE","Allocyttus","","niger","","Valid Name","","Species","","James, Inada & Nakamura","1988","Y","73db9916-ca92-4e1d-8f56-89b7fb6ff0ad","20130506T02:30:44.292+0000","e236a681-02d9-44c9-86e1-0767da558bb9","20130506T04:26:12.282+0000","daf66381-5fc6-4909-b492-fb0ca43cda4d","e236a681-02d9-44c9-86e1-0767da558bb9","","","","","","","","","","","","","","",""
"","37266004","verrucosus","Allocyttus verrucosus (Gilchrist, 1906)","OREOSOMATIDAE","Allocyttus","","verrucosus","","Valid Name","","Species","","Gilchrist","1906","N","da0be7c0-a567-4132-a813-927fba8bf05a","20130506T02:36:46.275+0000","d1e7ccac-e0a8-461d-83b1-181b61e63e83","20130506T04:26:12.282+0000","daf66381-5fc6-4909-b492-fb0ca43cda4d","d1e7ccac-e0a8-461d-83b1-181b61e63e83","","","","","","","","","","","","","","",""
"","37469002","pilatus","Allomycterus pilatus Whitley, 1931","DIODONTIDAE","Allomycterus","","pilatus","","Valid Name","","Species","","Whitley","1931","Y","43a50cba-4e53-4ddf-ada6-0e31937fa391","20140428T04:53:16.496+0000","4fb636e7-7324-409d-87d7-2026bf5ef799","20140429T04:00:17.360+0000","4f480557-76af-4768-a972-8a1186c6ea3f","4fb636e7-7324-409d-87d7-2026bf5ef799","","","","","","","","","","","","","","",""
"","37441021","fallai","Allothunnus fallai Serventy, 1948","SCOMBRIDAE","Allothunnus","","fallai","","Valid Name","","Species","","Serventy","1948","Y","528df680-171a-4da9-9b5e-c70ad0ff196c","20131008T23:07:52.756+0000","b1939182-d281-48e0-a5db-dc37623da2df","20131008T23:07:52.756+0000","590891d0-552c-4342-b96b-3a398fa7b194","b1939182-d281-48e0-a5db-dc37623da2df","","","","","","","","","","","","","","",""
"","37012001","vulpinus","Alopias vulpinus (Bonnaterre, 1788)","ALOPIIDAE","Alopias","","vulpinus","","Valid Name","","Species","","Bonnaterre","1788","N","e088abbe-5344-4bb1-9500-854a2b069396","20140313T03:41:28.159+0000","e753f025-b2d6-4372-8c6e-390afc730821","20140313T03:41:28.159+0000","4ffdec34-5d8b-4e65-9d18-3416f3aca91c","e753f025-b2d6-4372-8c6e-390afc730821","","","","","","","","","","","","","","",""
"","37031041","hyperborea","Amblyraja hyperborea (Collett, 1879)","RAJIDAE","Amblyraja","","hyperborea","","Valid Name","","Species","","Collett","1879","N","bc142f1e-064f-468a-8dd6-d57af7c3e596","20180417T06:11:15.577+0000","669cf0c8-64ae-4a18-a2d7-a813939d84af","20180731T05:52:26.165+0000","f9a7cc4c-0891-4f19-8d27-3b801a8c0e9b","669cf0c8-64ae-4a18-a2d7-a813939d84af","","","","","","","","","","","","","","",""
"","37257001","cornuta","Anoplogaster cornuta (Valenciennes, 1833)","ANOPLOGASTRIDAE","Anoplogaster","","cornuta","","Valid Name","","Species","","Valenciennes","1833","N","5a8678a2-1a3f-4874-98c6-07fbabef20fc","20160520T07:15:08.678+0000","732817fa-bd1e-4933-b86d-5256b5185c65","20160606T05:15:12.352+0000","8928ee4e-8dcb-482b-ab38-9e63bd753497","732817fa-bd1e-4933-b86d-5256b5185c65","","","","","","","","","","","","","","",""
"","37224008","rostrata","Antimora rostrata (Günther, 1878)","MORIDAE","Antimora","","rostrata","","Valid Name","","Species","","Günther","1878","N","c4e8dcdf-32f4-454a-953f-dc8891461f56","20151111T08:00:52.407+0000","3b11681e-237c-45bf-a7e2-8f32ddbc1503","20151125T23:15:40.328+0000","0c8418fc-1a0c-4f3b-a455-c46975a1e636","3b11681e-237c-45bf-a7e2-8f32ddbc1503","","","","","","","","","","","","","","",""
"","37015020","australis","Apristurus australis Sato, Nakaya & Yorozu, 2008","SCYLIORHINIDAE","Apristurus","","australis","","Valid Name","","Species","","Sato, Nakaya & Yorozu","2008","Y","60997707-f75e-4548-b562-22b82e8db328","20140725T07:02:42.508+0000","bc535953-8360-49a4-9726-a400529ad8e8","20140725T07:02:42.508+0000","f4aaa359-8018-40aa-a9fd-615162870343","bc535953-8360-49a4-9726-a400529ad8e8","","","","","","","","","","","","","","",""
"","37015016","melanoasper","Apristurus melanoasper Iglésias, Nakaya & Stehmann, 2004","SCYLIORHINIDAE","Apristurus","","melanoasper","","Valid Name","","Species","","Iglésias, Nakaya & Stehmann","2004","Y","0183230b-1e70-468a-ab0e-39a4f34a1bea","20110218T01:51:42.612+0000","521cce3a-1d1a-4d3f-9aef-30235d818b10","20120416T05:24:25.862+0000","f4aaa359-8018-40aa-a9fd-615162870343","521cce3a-1d1a-4d3f-9aef-30235d818b10","","","","","","","","","","","","","","",""
"","37015018","pinguis","Apristurus pinguis Deng, Xiong & Zhan, 1983","SCYLIORHINIDAE","Apristurus","","pinguis","","Valid Name","","Species","","Deng, Xiong & Zhan","1983","Y","027ab70f-2152-463e-8938-7a6cd2f64003","20110218T01:51:42.612+0000","5f9a22a5-bb6f-4fb5-9662-b1404854258a","20120416T05:24:25.862+0000","f4aaa359-8018-40aa-a9fd-615162870343","5f9a22a5-bb6f-4fb5-9662-b1404854258a","","","","","","","","","","","","","","",""
"","37015014","sinensis","Apristurus sinensis Chu & Hu, 1981","SCYLIORHINIDAE","Apristurus","","sinensis","","Valid Name","","Species","","Chu & Hu","1981","Y","062980dc-8b3e-4f09-a2df-298adaf5b06e","20110218T01:51:42.612+0000","76c16339-259f-44a2-9008-1a3f64958855","20120416T05:24:25.862+0000","f4aaa359-8018-40aa-a9fd-615162870343","76c16339-259f-44a2-9008-1a3f64958855","","","","","","","","","","","","","","",""
"","37097001","australiae","Argentina australiae Cohen, 1958","ARGENTINIDAE","Argentina","","australiae","","Valid Name","","Species","","Cohen","1958","Y","b564a817-6afc-4d35-b609-8dd2bf30b99c","20160523T00:06:44.378+0000","bdff8205-c5ab-493c-93aa-56de7f7fda4a","20160606T05:32:28.811+0000","9576d0f3-d6f5-4110-89ab-ff0ee5f74310","bdff8205-c5ab-493c-93aa-56de7f7fda4a","","","","","","","","","","","","","","",""
"","37107005","gigas","Argyropelecus gigas Norman, 1930","STERNOPTYCHIDAE","Argyropelecus","","gigas","","Valid Name","","Species","","Norman","1930","Y","e2a54380-d4de-4831-90d3-48975db54a2a","20081009T05:11:37.000+0000","67d45c21-cd08-408b-b657-4caa9fe0d544","20100727T00:03:17.157+0000","2e69433c-e89c-4e57-915f-87f5026a2d55","67d45c21-cd08-408b-b657-4caa9fe0d544","","","","","","","","","","","","","","",""
"","37107006","hemigymnus","Argyropelecus hemigymnus Cocco, 1829","STERNOPTYCHIDAE","Argyropelecus","","hemigymnus","","Valid Name","","Species","","Cocco","1829","Y","4ea62db6-31fc-4f77-bf8d-60ba4a45d68c","20081009T05:11:37.000+0000","8e617735-3764-42a3-be66-9ae9be844634","20100727T00:03:17.157+0000","2e69433c-e89c-4e57-915f-87f5026a2d55","8e617735-3764-42a3-be66-9ae9be844634","","","","","","","","","","","","","","",""
"","37067003","mauritianum","Ariosoma mauritianum (Pappenheim, 1914)","CONGRIDAE","Ariosoma","","mauritianum","","Valid Name","","Species","","Pappenheim","1914","N","e6d0b710-e069-48a6-939e-7d59c5cafd17","20180601T04:05:29.723+0000","370eb3f0-3c35-4308-9a84-91a09b5724ec","20190305T04:57:36.559+0000","673f2749-35b5-4b29-9bb4-f46b5e86836d","370eb3f0-3c35-4308-9a84-91a09b5724ec","","","","","","","","","","","","","","",""
"","37108003","boulengeri","Astronesthes boulengeri Gilchrist, 1902","STOMIIDAE","Astronesthes","","boulengeri","","Valid Name","","Species","","Gilchrist","1902","Y","26370a82-ce59-49d6-a9e3-20f7a290d1c4","20081009T05:11:37.000+0000","efd1d796-3ad1-4f6b-a896-c636272eec0d","20100727T00:03:17.157+0000","f0357aca-b57d-4128-bd13-79f124443f09","efd1d796-3ad1-4f6b-a896-c636272eec0d","","","","","","","","","","","","","","",""
"","37108019","kreffti","Astronesthes kreffti Gibbs & McKinney, 1988","STOMIIDAE","Astronesthes","","kreffti","","Valid Name","","Species","","Gibbs & McKinney","1988","Y","bba57c82-3a49-47f7-8192-b1aaef2cbfb6","20081009T05:11:37.000+0000","7d66c905-43af-4735-a3c6-e641788d0985","20100727T00:03:17.157+0000","f0357aca-b57d-4128-bd13-79f124443f09","7d66c905-43af-4735-a3c6-e641788d0985","","","","","","","","","","","","","","",""
"","37108008","psychrolutes","Astronesthes psychrolutes (Gibbs & Weitzman, 1965)","STOMIIDAE","Astronesthes","","psychrolutes","","Valid Name","","Species","","Gibbs & Weitzman","1965","N","36899071-52c7-4fd4-a153-2374b0e7c2c6","20081009T05:11:37.000+0000","9ce2725a-a3b9-4667-b164-a5d9667e875b","20100727T00:03:17.157+0000","f0357aca-b57d-4128-bd13-79f124443f09","9ce2725a-a3b9-4667-b164-a5d9667e875b","","","","","","","","","","","","","","",""
"","37441027","rochei","Auxis rochei (Risso, 1810)","SCOMBRIDAE","Auxis","","rochei","","Valid Name","","Species","","Risso","1810","N","cb041fe3-9ee1-4c19-865f-f253ff190272","20131008T23:07:52.756+0000","1e725ffb-3288-48b6-be54-a23a98aada15","20131008T23:07:52.756+0000","9c8a0e53-7499-48df-a837-7f3a382877ab","1e725ffb-3288-48b6-be54-a23a98aada15","","","","","","","","","","","","","","",""
"","37441009","thazard","Auxis thazard (Lacépède, 1800)","SCOMBRIDAE","Auxis","","thazard","","Valid Name","","Species","","Lacépède","1800","N","9b6ad50c-101b-4355-80ee-e1c585850eea","20131008T23:07:52.756+0000","efcc811c-93c0-447e-9b8c-425cf152bff2","20131008T23:07:52.756+0000","9c8a0e53-7499-48df-a837-7f3a382877ab","efcc811c-93c0-447e-9b8c-425cf152bff2","","","","","","","","","","","","","","",""
"","37076002","acuticeps","Avocettina acuticeps (Regan, 1916)","NEMICHTHYIDAE","Avocettina","","acuticeps","","Valid Name","","Species","","Regan","1916","N","63ad479c-fe1d-4836-bc09-bdb155a0d05c","20180808T04:26:58.746+0000","9d308dff-4c99-40a9-aca3-e8fdbcb7266d","20190305T04:57:36.559+0000","2b6524e7-a88f-4042-8a24-b1f056959ae5","9d308dff-4c99-40a9-aca3-e8fdbcb7266d","","","","","","","","","","","","","","",""
"","37076003","paucipora","Avocettina paucipora Nielsen & Smith, 1978","NEMICHTHYIDAE","Avocettina","","paucipora","","Valid Name","","Species","","Nielsen & Smith","1978","Y","dbdee5f4-cfde-4df6-8d7d-a2fff0f7aea9","20180808T04:33:22.203+0000","368b8d23-9d1d-438b-ae32-075ba253d24b","20190305T04:57:36.559+0000","2b6524e7-a88f-4042-8a24-b1f056959ae5","368b8d23-9d1d-438b-ae32-075ba253d24b","","","","","","","","","","","","","","",""
"","37461002","pinnifasciatus","Azygopus pinnifasciatus Norman, 1926","PLEURONECTIDAE","Azygopus","","pinnifasciatus","","Valid Name","","Species","","Norman","1926","Y","f9b37585-057f-4712-8199-9c27e22cdf4d","20150622T08:22:32.818+0000","b00c3a72-a629-4eb7-85bb-5e22144960d2","20150707T22:49:59.218+0000","9694410b-4e25-4ed2-ba11-3690c99e6c25","b00c3a72-a629-4eb7-85bb-5e22144960d2","","","","","","","","","","","","","","",""
"","37134001","rufa","Barbourisia rufa Parr, 1945","BARBOURISIIDAE","Barbourisia","","rufa","","Valid Name","","Species","","Parr","1945","Y","e9e032ff-aaa8-44e4-af28-3e39b420d629","20081009T05:11:37.000+0000","78dd6713-5655-4c1c-b58d-07b03b398d34","20100727T00:17:56.369+0000","b22d7c4c-40df-4635-b037-b63729f7893d","78dd6713-5655-4c1c-b58d-07b03b398d34","","","","","","","","","","","","","","",""
"","37067012","bulbiceps","Bassanago bulbiceps Whitley, 1948","CONGRIDAE","Bassanago","","bulbiceps","","Valid Name","","Species","","Whitley","1948","Y","3f3a851a-3b5a-40d8-8461-aba8150572d9","20180801T10:11:04.148+0000","0ec85fc7-0dc0-4660-9dad-3b549e8f7843","20190305T04:57:36.559+0000","da566d6d-9b59-47e0-9638-eaadb36f542c","0ec85fc7-0dc0-4660-9dad-3b549e8f7843","","","","","","","","","","","","","","",""
"","37067013","hirsutus","Bassanago hirsutus (Castle, 1960)","CONGRIDAE","Bassanago","","hirsutus","","Valid Name","","Species","","Castle","1960","N","15a3dcb2-a36c-430a-9c0e-21a9e06b4d06","20180601T07:04:19.494+0000","25e4b867-3c60-456d-b8e0-0cb6dc214f31","20190305T04:57:36.559+0000","da566d6d-9b59-47e0-9638-eaadb36f542c","25e4b867-3c60-456d-b8e0-0cb6dc214f31","","","","","","","","","","","","","","",""
"","37109009","ater","Bathophilus ater (Brauer, 1902)","STOMIIDAE","Bathophilus","","ater","","Valid Name","","Species","","Brauer","1902","N","a65263a3-e01f-48b2-b0a0-f157fb50fdf7","20081009T05:11:37.000+0000","27b1455e-5d16-483b-aed7-9eec2da7c963","20100727T00:03:17.157+0000","882eb693-1fa9-4b0f-85db-1a8450985e02","27b1455e-5d16-483b-aed7-9eec2da7c963","","","","","","","","","","","","","","",""
"","37232030","cottoides","Bathygadus cottoides Günther, 1878","BATHYGADIDAE","Bathygadus","","cottoides","","Valid Name","","Species","","Günther","1878","Y","4e3012fd-c648-4d0b-bfea-0d07f9fea9bc","20151019T04:30:13.995+0000","bbb98591-2301-4140-986d-7b0272f46aec","20151125T23:15:40.328+0000","002e6b10-a835-4d2a-be0b-ac31fed084f7","bbb98591-2301-4140-986d-7b0272f46aec","","","","","","","","","","","","","","",""
"","37232098","furvescens","Bathygadus furvescens Alcock, 1894","BATHYGADIDAE","Bathygadus","","furvescens","","Valid Name","","Species","","Alcock","1894","Y","c6464619-63e0-46ac-be3a-008200d4d892","20151019T04:33:01.140+0000","0d4e564f-24d7-49d4-a1fa-7d71f6db925c","20151125T23:15:40.328+0000","002e6b10-a835-4d2a-be0b-ac31fed084f7","0d4e564f-24d7-49d4-a1fa-7d71f6db925c","","","","","","","","","","","","","","",""
"","37098004","greyae","Bathylagichthys greyae (Cohen, 1958)","BATHYLAGIDAE","Bathylagichthys","","greyae","","Valid Name","","Species","","Cohen","1958","N","e982142e-15b8-44e4-b712-c7ace294d587","20160523T00:06:44.378+0000","31fce74d-4f93-40fa-bc6b-879ce059e7ad","20160606T05:32:28.811+0000","03e11b93-dd59-418c-a7f1-8472a3b64326","31fce74d-4f93-40fa-bc6b-879ce059e7ad","","","","","","","","","","","","","","",""
"","37097006","problematicus","Bathylagichthys problematicus (Lloris & Rucabado, 1985)","BATHYLAGIDAE","Bathylagichthys","","problematicus","","Valid Name","","Species","","Lloris & Rucabado","1985","N","09d7fee3-e53a-4e8e-b43f-65c763dc004f","20160523T00:06:44.378+0000","2dbe2fdd-5ce1-48b2-a4ea-21cc2326a53c","20160606T05:32:28.811+0000","03e11b93-dd59-418c-a7f1-8472a3b64326","2dbe2fdd-5ce1-48b2-a4ea-21cc2326a53c","","","","","","","","","","","","","","",""
"","37120018","gracilis","Bathysauropsis gracilis (Günther, 1878)","BATHYSAUROPSIDAE","Bathysauropsis","","gracilis","","Valid Name","","Species","","Günther","1878","N","a67ee494-fa6d-405c-8c6f-3d650d4199b0","20160720T04:44:03.258+0000","a9ff8400-a43d-4ed8-9f57-380bb5465157","20161222T00:27:39.419+0000","18701782-c3e6-4ea7-9a8b-74217d464464","a9ff8400-a43d-4ed8-9f57-380bb5465157","","","","","","","","","","","","","","",""
"","37118019","ferox","Bathysaurus ferox Günther, 1878","BATHYSAURIDAE","Bathysaurus","","ferox","","Valid Name","","Species","","Günther","1878","Y","cefeb214-2859-4234-a241-7b404ad144af","20160716T05:27:51.492+0000","07f5219a-7a99-4f0b-bde4-7249345506c8","20161222T00:27:39.419+0000","093daa81-3980-4bc9-968d-88ef1922d11b","07f5219a-7a99-4f0b-bde4-7249345506c8","","","","","","","","","","","","","","",""
"","37122024","suborbitale","Benthosema suborbitale (Gilbert, 1913)","MYCTOPHIDAE","Benthosema","","suborbitale","","Valid Name","","Species","","Gilbert","1913","N","6f1be8b3-f2e5-4f61-bd55-be2774edcd33","20081009T05:11:37.000+0000","dd5d1552-5891-4851-883d-64308ad2655a","20140221T00:05:58.868+0000","9fbb91a1-f136-464a-b161-ad432234e290","dd5d1552-5891-4851-883d-64308ad2655a","","","","","","","","","","","","","","",""
"","37258001","decadactylus","Beryx decadactylus Cuvier, 1829","BERYCIDAE","Beryx","","decadactylus","","Valid Name","","Species","","Cuvier","1829","Y","46e8e99a-9451-465f-b40e-5e9e496d2098","20151208T07:43:09.391+0000","067f60b1-88bb-4dae-8cf9-32ca7b5d39da","20160606T05:15:12.352+0000","3cf79e24-6239-4970-8197-154662b0750a","067f60b1-88bb-4dae-8cf9-32ca7b5d39da","","","","","","","","","","","","","","",""
"","37258002","splendens","Beryx splendens Lowe, 1833","BERYCIDAE","Beryx","","splendens","","Valid Name","","Species","","Lowe","1833","Y","79e2eca9-3517-4c45-a76c-8ce253321dc1","20160518T04:36:31.482+0000","06645750-e545-47b4-a7cf-17c5aa48871d","20160606T05:15:12.352+0000","3cf79e24-6239-4970-8197-154662b0750a","06645750-e545-47b4-a7cf-17c5aa48871d","","","","","","","","","","","","","","",""
"","37342010","australis","Brama australis Valenciennes, 1840","BRAMIDAE","Brama","","australis","","Valid Name","","Species","","Valenciennes","1840","Y","5f83f959-3dcb-4d1e-9947-8512c8fb910f","20131008T23:07:52.756+0000","8710e0ae-3049-49c6-a481-ebeee1ffe6ec","20131008T23:07:52.756+0000","1afc04d9-b6e3-470a-80fb-dcb843d7b2f0","8710e0ae-3049-49c6-a481-ebeee1ffe6ec","","","","","","","","","","","","","","",""
"","37342001","brama","Brama brama (Bonnaterre, 1788)","BRAMIDAE","Brama","","brama","","Valid Name","","Species","","Bonnaterre","1788","N","3a17ea17-d74c-453f-a7d6-e81b817b9375","20131008T23:07:52.756+0000","7a35c2f4-29fd-4373-82ee-f8a48d647453","20140711T01:38:15.891+0000","1afc04d9-b6e3-470a-80fb-dcb843d7b2f0","7a35c2f4-29fd-4373-82ee-f8a48d647453","","","","","","","","","","","","","","",""
"","37010003","carcharias","Carcharodon carcharias (Linnaeus, 1758)","LAMNIDAE","Carcharodon","","carcharias","","Valid Name","","Species","","Linnaeus","1758","N","c03ed73d-afec-495c-a9f7-3cfc7eac8fc2","20140313T03:41:28.159+0000","f308a791-3721-4010-87ec-a61868b6ab79","20140313T03:41:28.159+0000","d5d76a31-017d-4fb0-aef3-70594dc0b764","f308a791-3721-4010-87ec-a61868b6ab79","","","","","","","","","","","","","","",""
"","37228018","niki","Cataetyx niki Cohen, 1981","BYTHITIDAE","Cataetyx","","niki","","Valid Name","","Species","","Cohen","1981","Y","e774a58b-e456-4b3e-ae24-8c06f7a28996","20150522T06:18:47.911+0000","f86ca569-2513-4a46-bccc-1f06e12859d1","20150622T00:52:33.563+0000","a48d5168-9fb0-4eb0-be2c-a540595d9ea5","f86ca569-2513-4a46-bccc-1f06e12859d1","","","","","","","","","","","","","","",""
"","37279001","humerosus","Centriscops humerosus (Richardson, 1846)","CENTRISCIDAE","Centriscops","","humerosus","","Valid Name","","Species","","Richardson","1846","N","7b23dd8b-2508-4457-8d71-4f40a61c01e9","20170501T10:34:03.040+0000","f5e73e90-0c5a-4748-85c7-f2351cec7687","20170727T04:24:54.431+0000","d082e785-cd13-4bf4-b809-1f7c77b0e6da","f5e73e90-0c5a-4748-85c7-f2351cec7687","","","","","","","","","","","","","","",""
"","37445004","niger","Centrolophus niger (Gmelin, 1789)","CENTROLOPHIDAE","Centrolophus","","niger","","Valid Name","","Species","","Gmelin","1789","N","562e43a7-3fd7-456e-84e5-ef13a773f1df","20131008T23:07:52.756+0000","b62a50ae-e25c-4305-84f8-c4cab1da59fa","20131008T23:07:52.756+0000","b2295c43-9463-4f50-89eb-e1a2e932fdc6","b62a50ae-e25c-4305-84f8-c4cab1da59fa","","","","","","","","","","","","","","",""
"","37020011","zeehaani","Centrophorus zeehaani White, Ebert & Compagno, 2008","CENTROPHORIDAE","Centrophorus","","zeehaani","","Valid Name","","Species","","White, Ebert & Compagno","2008","Y","d00e5dfc-502c-4a84-a11e-d18e54596419","20140313T03:41:28.159+0000","3ab20e18-2e2a-4397-ad90-569ddc4a1377","20140313T03:41:28.159+0000","9f32f941-f61f-4af9-b94f-9f1b66bd2c94","3ab20e18-2e2a-4397-ad90-569ddc4a1377","","","","","","","","","","","","","","",""
"","37020025","coelolepis","Centroscymnus coelolepis Bocage & Capello, 1864","SOMNIOSIDAE","Centroscymnus","","coelolepis","","Valid Name","","Species","","Bocage & Capello","1864","Y","66e1393f-81ad-4c76-8c4b-affbf8d750cf","20110525T07:56:23.627+0000","e51b2843-500e-46b3-910f-fdbbf8fb319b","20120416T05:24:25.862+0000","d9712966-78eb-4151-830c-5270fb3122a0","e51b2843-500e-46b3-910f-fdbbf8fb319b","","","","","","","","","","","","","","",""
"","37020019","owstonii","Centroscymnus owstonii Garman, 1906","SOMNIOSIDAE","Centroscymnus","","owstonii","","Valid Name","","Species","","Garman","1906","Y","9068f7a7-3003-4cd6-95e6-54cb9272c0d0","20110218T01:51:42.612+0000","72f7beae-ce0e-4ba0-8724-37be3462a108","20120416T05:24:25.862+0000","d9712966-78eb-4151-830c-5270fb3122a0","72f7beae-ce0e-4ba0-8724-37be3462a108","","","","","","","","","","","","","","",""
"","37020012","crepidater","Centroselachus crepidater (Bocage & Capello, 1864)","SOMNIOSIDAE","Centroselachus","","crepidater","","Valid Name","","Species","","Bocage & Capello","1864","N","75676d95-7cc7-4776-9aaf-a3d99d92653c","20110218T01:51:42.612+0000","724f6186-e0b0-4339-a838-2e57ee8ae554","20151116T04:37:44.116+0000","7450b667-f647-40e9-9d9a-f6611ed65f31","724f6186-e0b0-4339-a838-2e57ee8ae554","","","","","","","","","","","","","","",""
"","37015013","albipinnum","Cephaloscyllium albipinnum Last, Motomura & White, 2008","SCYLIORHINIDAE","Cephaloscyllium","","albipinnum","","Valid Name","","Species","","Last, Motomura & White","2008","Y","d8b5e658-10cc-4bc6-8ba3-7671beead44c","20140313T03:41:28.159+0000","47707328-4a34-41ce-b187-4096307d5381","20140313T03:41:28.159+0000","15b87b10-e05e-4632-b23b-ac33daad5b07","47707328-4a34-41ce-b187-4096307d5381","","","","","","","","","","","","","","",""
"","37220003","tentaculatus","Ceratias tentaculatus (Norman, 1930)","CERATIIDAE","Ceratias","","tentaculatus","","Valid Name","","Species","","Norman","1930","N","cf312641-6a3a-4ef5-95d5-29a1e9fb1b4a","20150501T08:46:29.377+0000","6f3a5d5d-7c51-4a42-8b16-c8fea9e378a0","20150625T00:28:50.961+0000","973308c1-eebe-4f4e-a157-18f584935e08","6f3a5d5d-7c51-4a42-8b16-c8fea9e378a0","","","","","","","","","","","","","","",""
"","37122021","warmingii","Ceratoscopelus warmingii (Lütken, 1892)","MYCTOPHIDAE","Ceratoscopelus","","warmingii","","Valid Name","","Species","","Lütken","1892","N","6d2b9a97-8cef-411b-8121-0b59418602f4","20081009T05:11:37.000+0000","97880d11-7aeb-4afa-8eb7-6c6e58c74e7b","20100727T00:07:22.682+0000","68e22362-7943-42e3-bb26-bdeeb5a3d24a","97880d11-7aeb-4afa-8eb7-6c6e58c74e7b","","","","","","","","","","","","","","",""
"","37232029","globiceps","Cetonurus globiceps (Vaillant, 1884)","MACROURIDAE","Cetonurus","","globiceps","","Valid Name","","Species","","Vaillant","1884","N","cb7a9bc0-dd8c-4e7b-aa73-c1535f287ef6","20180512T08:37:39.564+0000","c5719997-1823-4475-98a7-4f936995b998","20180731T05:42:43.637+0000","323821f0-9da5-4eed-95fe-81794ef7b8e6","c5719997-1823-4475-98a7-4f936995b998","","","","","","","","","","","","","","",""
"","37011001","maximus","Cetorhinus maximus (Gunnerus, 1765)","CETORHINIDAE","Cetorhinus","","maximus","","Valid Name","","Species","","Gunnerus","1765","N","01fbd5b5-7200-484d-92fe-db392e16873f","20120308T01:19:55.782+0000","3a3f1aca-2e26-4258-9e98-ef941597ed6a","20131121T06:24:36.488+0000","69e9e2ba-d86d-4093-bf11-f85114944f61","3a3f1aca-2e26-4258-9e98-ef941597ed6a","","","","","","","","","","","","","","",""
"","37211003","endeavouri","Chaunax endeavouri Whitley, 1929","CHAUNACIDAE","Chaunax","","endeavouri","","Valid Name","","Species","","Whitley","1929","Y","fa535f1b-5afa-41bf-9c3e-18eb547b5a08","20150514T05:10:09.297+0000","19b084e9-00f7-42fd-bdc5-f4864a509bb6","20150625T00:28:50.961+0000","d9d5473d-7788-49e1-a1f0-8143b1e669bc","19b084e9-00f7-42fd-bdc5-f4864a509bb6","","","","","","","","","","","","","","",""
"","37042005","fulva","Chimaera fulva Didier, Last & White, 2008","CHIMAERIDAE","Chimaera","","fulva","","Valid Name","","Species","","Didier, Last & White","2008","Y","ccbc3d2a-6478-4ff2-9f5d-51e462b33b18","20140725T07:04:02.912+0000","a5457238-8ae5-4edc-9eb8-9c58b696c6dd","20140725T07:04:02.912+0000","934f1684-6ab6-4525-a178-30ea5fce2032","a5457238-8ae5-4edc-9eb8-9c58b696c6dd","","","","","","","","","","","","","","",""
"","37042008","lignaria","Chimaera lignaria Didier, 2002","CHIMAERIDAE","Chimaera","","lignaria","","Valid Name","","Species","","Didier","2002","Y","9040f9e4-e213-4d7d-8479-bb1d5920b4c7","20110416T09:37:53.372+0000","97f43c96-a915-42b2-a04f-2474afc37ba3","20120416T05:24:25.862+0000","934f1684-6ab6-4525-a178-30ea5fce2032","97f43c96-a915-42b2-a04f-2474afc37ba3","","","","","","","","","","","","","","",""
"","37232042","acanthiger","Coelorinchus acanthiger Barnard, 1925","MACROURIDAE","Coelorinchus","","acanthiger","","Valid Name","","Species","","Barnard","1925","Y","ab997e21-5eab-47e6-bb6b-c427cb52a2da","20180411T22:50:16.904+0000","adc2fcb8-c3cf-440b-a4eb-2f57c760cc7b","20180731T05:42:43.637+0000","3d0a43aa-29bc-4ece-b8b1-677ea69015bd","adc2fcb8-c3cf-440b-a4eb-2f57c760cc7b","","","","","","","","","","","","","","",""
"","37232104","amydrozosterus","Coelorinchus amydrozosterus Iwamoto & Williams, 1999","MACROURIDAE","Coelorinchus","","amydrozosterus","","Valid Name","","Species","","Iwamoto & Williams","1999","Y","d1df28bc-1929-4404-b9b6-d1988e4e4558","20180411T22:50:16.904+0000","f49b82e2-1e62-4a89-8e2c-a8e920e7cad4","20180731T05:42:43.637+0000","3d0a43aa-29bc-4ece-b8b1-677ea69015bd","f49b82e2-1e62-4a89-8e2c-a8e920e7cad4","","","","","","","","","","","","","","",""
"","37232001","australis","Coelorinchus australis (Richardson, 1839)","MACROURIDAE","Coelorinchus","","australis","","Valid Name","","Species","","Richardson","1839","N","7985c2e0-25c0-45f9-bfee-5ab59c744850","20180411T22:50:16.904+0000","16979a75-bc02-4677-add7-5cf931149679","20180731T05:42:43.637+0000","3d0a43aa-29bc-4ece-b8b1-677ea69015bd","16979a75-bc02-4677-add7-5cf931149679","","","","","","","","","","","","","","",""
"","37232002","fasciatus","Coelorinchus fasciatus (Günther, 1878)","MACROURIDAE","Coelorinchus","","fasciatus","","Valid Name","","Species","","Günther","1878","N","56bf10bc-2f85-4ce0-a1df-9002fa29ce1f","20180411T22:50:16.904+0000","d522d8ff-0362-4012-9588-9cf94128d12f","20180731T05:42:43.637+0000","3d0a43aa-29bc-4ece-b8b1-677ea69015bd","d522d8ff-0362-4012-9588-9cf94128d12f","","","","","","","","","","","","","","",""
"","37232047","gormani","Coelorinchus gormani Iwamoto & Graham, 2008","MACROURIDAE","Coelorinchus","","gormani","","Valid Name","","Species","","Iwamoto & Graham","2008","Y","8003cfa9-41bd-40f5-a916-fc6b64b65dd0","20180514T08:50:51.048+0000","0dc24c10-c57c-440a-ac5b-dd87a133d081","20180731T05:42:43.637+0000","3d0a43aa-29bc-4ece-b8b1-677ea69015bd","0dc24c10-c57c-440a-ac5b-dd87a133d081","","","","","","","","","","","","","","",""
"","37232014","innotabilis","Coelorinchus innotabilis McCulloch, 1907","MACROURIDAE","Coelorinchus","","innotabilis","","Valid Name","","Species","","McCulloch","1907","Y","19e0cae5-ab6f-4767-a40b-5b2d680505e4","20180411T22:50:16.904+0000","52a4a917-29d1-45cb-86db-4d76aafb4302","20180731T05:42:43.637+0000","3d0a43aa-29bc-4ece-b8b1-677ea69015bd","52a4a917-29d1-45cb-86db-4d76aafb4302","","","","","","","","","","","","","","",""
"","37232031","kaiyomaru","Coelorinchus kaiyomaru Arai & Iwamoto, 1979","MACROURIDAE","Coelorinchus","","kaiyomaru","","Valid Name","","Species","","Arai & Iwamoto","1979","Y","549e4bbd-6dca-496f-a358-d02fdc773ebd","20180411T22:50:16.904+0000","3628fb63-d81c-4174-8f78-f76ffde997b1","20180731T05:42:43.637+0000","3d0a43aa-29bc-4ece-b8b1-677ea69015bd","3628fb63-d81c-4174-8f78-f76ffde997b1","","","","","","","","","","","","","","",""
"","37232040","kermadecus","Coelorinchus kermadecus Jordan & Gilbert, 1904","MACROURIDAE","Coelorinchus","","kermadecus","","Valid Name","","Species","","Jordan & Gilbert","1904","Y","4e594269-717f-4160-a4e2-41d3e1b482e8","20180411T22:50:16.904+0000","37a17a4a-8b12-4b87-a5a8-93d346c339fb","20180731T05:42:43.637+0000","3d0a43aa-29bc-4ece-b8b1-677ea69015bd","37a17a4a-8b12-4b87-a5a8-93d346c339fb","","","","","","","","","","","","","","",""
"","37232109","lasti","Coelorinchus lasti Iwamoto & Williams, 1999","MACROURIDAE","Coelorinchus","","lasti","","Valid Name","","Species","","Iwamoto & Williams","1999","Y","fcb50eb9-5ee9-4105-8a17-bf7039d61df1","20180411T22:50:16.904+0000","f952c512-1dd8-4a6e-975e-0c7dd6c3d014","20180731T05:42:43.637+0000","3d0a43aa-29bc-4ece-b8b1-677ea69015bd","f952c512-1dd8-4a6e-975e-0c7dd6c3d014","","","","","","","","","","","","","","",""
"","37232017","matamua","Coelorinchus matamua (McCann & McKnight, 1980)","MACROURIDAE","Coelorinchus","","matamua","","Valid Name","","Species","","McCann & McKnight","1980","N","19188b68-86f9-448b-97d2-3572a45f9b3a","20180411T22:50:16.904+0000","06b3e601-95eb-4485-b77e-876489ec2e87","20180731T05:42:43.637+0000","3d0a43aa-29bc-4ece-b8b1-677ea69015bd","06b3e601-95eb-4485-b77e-876489ec2e87","","","","","","","","","","","","","","",""
"","37232045","maurofasciatus","Coelorinchus maurofasciatus McMillan & Paulin, 1993","MACROURIDAE","Coelorinchus","","maurofasciatus","","Valid Name","","Species","","McMillan & Paulin","1993","Y","6cbe034b-3ba9-4391-be97-2bc175f334c8","20180411T22:50:16.904+0000","1205fd5a-876b-4b1b-b4da-c19f0a0854f5","20180731T05:42:43.637+0000","3d0a43aa-29bc-4ece-b8b1-677ea69015bd","1205fd5a-876b-4b1b-b4da-c19f0a0854f5","","","","","","","","","","","","","","",""
"","37232080","trachycarus","Coelorinchus trachycarus Iwamoto, McMillan & Shcherbachev, 1999","MACROURIDAE","Coelorinchus","","trachycarus","","Valid Name","","Species","","Iwamoto, McMillan & Shcherbachev","1999","Y","39ad1386-9ba7-47cf-9085-e8b54165027f","20180411T22:50:16.904+0000","70f45972-d049-41cb-847f-a6b2db5595ba","20180731T05:42:43.637+0000","3d0a43aa-29bc-4ece-b8b1-677ea69015bd","70f45972-d049-41cb-847f-a6b2db5595ba","","","","","","","","","","","","","","",""
"","37338001","hippurus","Coryphaena hippurus Linnaeus, 1758","CORYPHAENIDAE","Coryphaena","","hippurus","","Valid Name","","Species","","Linnaeus","1758","Y","7a0494b4-6f09-41ff-b283-7e00c1f443e9","20121109T05:24:00.924+0000","3ef4e91c-5d4b-455a-822e-8c42be47aafe","20121109T05:33:47.860+0000","1c2e17be-9e5f-41b3-b2ef-9c86812570f4","3ef4e91c-5d4b-455a-822e-8c42be47aafe","","","","","","","","","","","","","","",""
"","37232039","dossenus","Coryphaenoides dossenus McMillan, 1999","MACROURIDAE","Coryphaenoides","","dossenus","","Valid Name","","Species","","McMillan","1999","Y","cc47a10d-b543-4b2c-adb6-7d9ae0f47d36","20180509T06:45:43.399+0000","10ec1363-8397-4fe0-acb4-22990fb639ad","20180731T05:42:43.637+0000","793d0538-e104-490c-a75d-a226f934da87","10ec1363-8397-4fe0-acb4-22990fb639ad","","","","","","","","","","","","","","",""
"","37232125","fernandezianus","Coryphaenoides fernandezianus (Günther, 1887)","MACROURIDAE","Coryphaenoides","","fernandezianus","","Valid Name","","Species","","Günther","1887","N","99f50361-6552-477c-a2f3-6ceb952fb3cd","20180411T22:50:16.904+0000","2bf02a60-2199-4336-927a-33cd245755a1","20180731T05:42:43.637+0000","793d0538-e104-490c-a75d-a226f934da87","2bf02a60-2199-4336-927a-33cd245755a1","","","","","","","","","","","","","","",""
"","37232051","mcmillani","Coryphaenoides mcmillani Iwamoto & Shcherbachev, 1991","MACROURIDAE","Coryphaenoides","","mcmillani","","Valid Name","","Species","","Iwamoto & Shcherbachev","1991","Y","9517c749-747d-4b80-b1b0-f2a00d99976d","20180411T22:50:16.904+0000","113ea8cd-d048-4238-9eb0-e7b9b97b16d5","20180731T05:42:43.637+0000","793d0538-e104-490c-a75d-a226f934da87","113ea8cd-d048-4238-9eb0-e7b9b97b16d5","","","","","","","","","","","","","","",""
"","37232052","murrayi","Coryphaenoides murrayi Günther, 1878","MACROURIDAE","Coryphaenoides","","murrayi","","Valid Name","","Species","","Günther","1878","Y","47d9cf21-5142-4494-b125-ad9c055e2676","20180512T08:47:52.480+0000","cfaa5f02-58c0-4594-ad1a-0684ba3ed4c6","20180731T05:42:43.637+0000","793d0538-e104-490c-a75d-a226f934da87","cfaa5f02-58c0-4594-ad1a-0684ba3ed4c6","","","","","","","","","","","","","","",""
"","37232015","serrulatus","Coryphaenoides serrulatus Günther, 1878","MACROURIDAE","Coryphaenoides","","serrulatus","","Valid Name","","Species","","Günther","1878","Y","56d5a46a-a731-4e4e-a906-7fde0701f3b6","20180411T22:50:16.904+0000","e5e01f17-adf5-48f5-9843-f7dd296403f1","20180731T05:42:43.637+0000","793d0538-e104-490c-a75d-a226f934da87","e5e01f17-adf5-48f5-9843-f7dd296403f1","","","","","","","","","","","","","","",""
"","37232053","striaturus","Coryphaenoides striaturus Barnard, 1925","MACROURIDAE","Coryphaenoides","","striaturus","","Valid Name","","Species","","Barnard","1925","Y","8b1c44ae-bb2a-490b-8539-ed8700f866c2","20180509T06:47:30.305+0000","df606601-f14b-4e0b-84c7-b936f904baac","20180731T05:42:43.637+0000","793d0538-e104-490c-a75d-a226f934da87","df606601-f14b-4e0b-84c7-b936f904baac","","","","","","","","","","","","","","",""
"","37232016","subserrulatus","Coryphaenoides subserrulatus Makushok, 1976","MACROURIDAE","Coryphaenoides","","subserrulatus","","Valid Name","","Species","","Makushok","1976","Y","6b017705-67e4-4b2c-bb6a-a4007a92eabc","20180411T22:50:16.904+0000","d7d53b48-afd0-4217-800a-740907d2e7da","20180731T05:42:43.637+0000","793d0538-e104-490c-a75d-a226f934da87","d7d53b48-afd0-4217-800a-740907d2e7da","","","","","","","","","","","","","","",""
"","37220001","couesii","Cryptopsaras couesii Gill, 1883","CERATIIDAE","Cryptopsaras","","couesii","","Valid Name","","Species","","Gill","1883","Y","31b15ca8-cc18-4c30-9d63-e01adf42ba36","20150501T08:26:51.954+0000","f2351397-8cf4-4094-8215-cb26f8ce1193","20150625T00:28:50.961+0000","3c5c83dd-4be2-4b8b-a8f5-153585096a0e","f2351397-8cf4-4094-8215-cb26f8ce1193","","","","","","","","","","","","","","",""
"","37446010","caeruleus","Cubiceps caeruleus Regan, 1914","NOMEIDAE","Cubiceps","","caeruleus","","Valid Name","","Species","","Regan","1914","Y","076b1a87-fc5b-4a01-ab56-2676e9e9eb0a","20131008T23:07:52.756+0000","ad32409b-3657-4a38-a869-9636739f2993","20131008T23:07:52.756+0000","442288aa-c41f-4c67-92b8-83f07d000756","ad32409b-3657-4a38-a869-9636739f2993","","","","","","","","","","","","","","",""
"","37106014","alba","Cyclothone alba Brauer, 1906","GONOSTOMATIDAE","Cyclothone","","alba","","Valid Name","","Species","","Brauer","1906","Y","6ec8a265-1063-45ac-9c0e-423e61905093","20081009T05:11:37.000+0000","0c9816e0-1cc6-4ea0-aaaa-cc6934dcdeea","20100727T00:03:17.157+0000","7a02e544-b665-4fd2-b621-57bcae78e84b","0c9816e0-1cc6-4ea0-aaaa-cc6934dcdeea","","","","","","","","","","","","","","",""
"","37106015","braueri","Cyclothone braueri Jespersen & Tåning, 1926","GONOSTOMATIDAE","Cyclothone","","braueri","","Valid Name","","Species","","Jespersen & Tåning","1926","Y","e8acaf13-37f2-4593-b776-13975917ceef","20081009T05:11:37.000+0000","c2a77225-8f0b-4318-b955-874739b2e47c","20100727T00:03:17.157+0000","7a02e544-b665-4fd2-b621-57bcae78e84b","c2a77225-8f0b-4318-b955-874739b2e47c","","","","","","","","","","","","","","",""
"","37106016","microdon","Cyclothone microdon (Günther, 1878)","GONOSTOMATIDAE","Cyclothone","","microdon","","Valid Name","","Species","","Günther","1878","N","66c186d3-4836-449c-88b2-e20dfc1dd0e5","20081009T05:11:37.000+0000","c4ca2afd-3001-4718-ac3c-4100b71dbd0c","20100727T00:03:17.157+0000","7a02e544-b665-4fd2-b621-57bcae78e84b","c4ca2afd-3001-4718-ac3c-4100b71dbd0c","","","","","","","","","","","","","","",""
"","37106017","obscura","Cyclothone obscura Brauer, 1902","GONOSTOMATIDAE","Cyclothone","","obscura","","Valid Name","","Species","","Brauer","1902","Y","fb746238-217a-4065-be25-3d32de485a76","20081009T05:11:37.000+0000","ff9ad3d6-0b3d-4621-bc90-c02cd4a67b8f","20140218T03:38:03.934+0000","7a02e544-b665-4fd2-b621-57bcae78e84b","ff9ad3d6-0b3d-4621-bc90-c02cd4a67b8f","","","","","","","","","","","","","","",""
"","37264001","traversi","Cyttus traversi Hutton, 1872","CYTTIDAE","Cyttus","","traversi","","Valid Name","","Species","","Hutton","1872","Y","643d047b-246e-4949-9392-5e6c3a9ff987","20130506T02:17:51.833+0000","2fdaf687-e728-46d0-9fcd-0ebd77f659d0","20130506T04:26:12.282+0000","31b7c36d-dd5f-488c-9f16-6161133ace9e","2fdaf687-e728-46d0-9fcd-0ebd77f659d0","","","","","","","","","","","","","","",""
"","37020002","licha","Dalatias licha (Bonnaterre, 1788)","DALATIIDAE","Dalatias","","licha","","Valid Name","","Species","","Bonnaterre","1788","N","b7445b04-3643-4619-83af-220f135c616f","20110823T09:55:50.681+0000","2bd8e210-9bc2-42a1-a432-9212ce959682","20120416T05:24:25.862+0000","314b1ef4-c31f-4dd2-a73d-ec384aab378c","2bd8e210-9bc2-42a1-a432-9212ce959682","","","","","","","","","","","","","","",""
"","37228001","tusca","Dannevigia tusca Whitley, 1941","OPHIDIIDAE","Dannevigia","","tusca","","Valid Name","","Species","","Whitley","1941","Y","a96f7b77-0958-4af5-81cb-16d7f24fe9ac","20150518T04:42:36.788+0000","58e99d51-4831-4290-9215-4b25fb8d9d70","20150622T00:52:33.563+0000","d63ebd84-645c-4527-aa4d-c8bf7ae4cc11","58e99d51-4831-4290-9215-4b25fb8d9d70","","","","","","","","","","","","","","",""
"","37020003","calceus","Deania calceus (Lowe, 1839)","CENTROPHORIDAE","Deania","","calceus","","Valid Name","","Species","","Lowe","1839","N","274ffbba-b073-4329-add9-cc9f74105b8f","20140115T22:51:27.788+0000","5a090fa4-d02f-4653-8f2b-dd46772c7695","20140218T23:25:31.531+0000","38c9c776-a904-4a84-b59d-67f3876cf94d","5a090fa4-d02f-4653-8f2b-dd46772c7695","","","","","","","","","","","","","","",""
"","37020004","quadrispinosa","Deania quadrispinosa (McCulloch, 1915)","CENTROPHORIDAE","Deania","","quadrispinosa","","Valid Name","","Species","","McCulloch","1915","N","a70091bb-f70e-476e-8982-677f03cce14f","20140115T22:51:27.788+0000","28585e3b-35a8-4c6c-9ffc-0e4834dad51b","20140218T23:25:31.531+0000","38c9c776-a904-4a84-b59d-67f3876cf94d","28585e3b-35a8-4c6c-9ffc-0e4834dad51b","","","","","","","","","","","","","","",""
"","37031003","cerva","Dentiraja cerva (Whitley, 1939)","RAJIDAE","Dentiraja","","cerva","","Valid Name","","Species","","Whitley","1939","N","231ced66-175b-4949-8475-de21e77b3946","20180417T06:00:54.791+0000","e8e7ae96-a352-438c-8893-045ab8d5ce97","20180731T05:52:26.165+0000","9b7e4537-192c-43ad-ae0b-c9fcb4cf3b57","e8e7ae96-a352-438c-8893-045ab8d5ce97","","","","","","","","","","","","","","",""
"","37031005","confusa","Dentiraja confusa (Last, 2008)","RAJIDAE","Dentiraja","","confusa","","Valid Name","","Species","","Last","2008","N","f12a042f-9df8-4f1c-8e03-ed4226cefdef","20180414T06:50:10.945+0000","819e3138-8d5e-45d6-bb46-d0a0d5353281","20180731T05:52:26.165+0000","9b7e4537-192c-43ad-ae0b-c9fcb4cf3b57","819e3138-8d5e-45d6-bb46-d0a0d5353281","","","","","","","","","","","","","","",""
"","37122001","danae","Diaphus danae Tåning, 1932","MYCTOPHIDAE","Diaphus","","danae","","Valid Name","","Species","","Tåning","1932","Y","86e90bc0-f15e-4c80-a867-16ad80e68e59","20081009T05:11:37.000+0000","e9654ae4-1e30-4cee-b434-2c3944c70f9b","20100727T00:07:22.682+0000","d7b24f86-31e4-4bfa-be24-124affa22173","e9654ae4-1e30-4cee-b434-2c3944c70f9b","","","","","","","","","","","","","","",""
"","37122061","hudsoni","Diaphus hudsoni Zurbrigg & Scott, 1976","MYCTOPHIDAE","Diaphus","","hudsoni","","Valid Name","","Species","","Zurbrigg & Scott","1976","Y","52f55767-5d57-428f-90f9-b13fcdee46b1","20081009T05:11:37.000+0000","cf10ae1a-4204-461b-97d1-c002e9f77cc7","20140221T00:21:50.092+0000","d7b24f86-31e4-4bfa-be24-124affa22173","cf10ae1a-4204-461b-97d1-c002e9f77cc7","","","","","","","","","","","","","","",""
"","37122036","meadi","Diaphus meadi Nafpaktitis, 1978","MYCTOPHIDAE","Diaphus","","meadi","","Valid Name","","Species","","Nafpaktitis","1978","Y","9990f8f4-a58e-4ca0-98c1-8843ae67c194","20081009T05:11:37.000+0000","2b98ef75-53f1-4f91-a047-59fd07b1476b","20100727T00:07:22.682+0000","d7b24f86-31e4-4bfa-be24-124affa22173","2b98ef75-53f1-4f91-a047-59fd07b1476b","","","","","","","","","","","","","","",""
"","37122012","ostenfeldi","Diaphus ostenfeldi Tåning, 1932","MYCTOPHIDAE","Diaphus","","ostenfeldi","","Valid Name","","Species","","Tåning","1932","Y","631cf864-fc6e-4236-b3eb-47878a23796d","20081009T05:11:37.000+0000","56125746-c7c7-4544-b00f-37470fe8f6b0","20100727T00:07:22.682+0000","d7b24f86-31e4-4bfa-be24-124affa22173","56125746-c7c7-4544-b00f-37470fe8f6b0","","","","","","","","","","","","","","",""
"","37122013","watasei","Diaphus watasei Jordan & Starks, 1904","MYCTOPHIDAE","Diaphus","","watasei","","Valid Name","","Species","","Jordan & Starks","1904","Y","e2eb2979-0b40-4512-888d-d34a6a57c336","20081009T05:11:37.000+0000","a2d6cce5-923c-48b0-8764-94e0892767a3","20100727T00:07:22.682+0000","d7b24f86-31e4-4bfa-be24-124affa22173","a2d6cce5-923c-48b0-8764-94e0892767a3","","","","","","","","","","","","","","",""
"","37070001","capensis","Diastobranchus capensis Barnard, 1923","SYNAPHOBRANCHIDAE","Diastobranchus","","capensis","","Valid Name","","Species","","Barnard","1923","Y","a07c4b00-c700-492a-8179-32cdf2996e99","20181001T10:46:13.753+0000","9891a521-f78f-46f8-b475-6579d59ada30","20190305T04:57:36.559+0000","831eb718-f85f-4cbc-a8b2-495e25345b60","9891a521-f78f-46f8-b475-6579d59ada30","","","","","","","","","","","","","","",""
"","37031035","acrobelus","Dipturus acrobelus Last, White & Pogonoski, 2008","RAJIDAE","Dipturus","","acrobelus","","Valid Name","","Species","","Last, White & Pogonoski","2008","Y","576af876-cc2b-4560-a152-157eeebf612b","20180416T07:49:55.199+0000","421765fd-58aa-49d8-948a-9bf4370bd957","20180731T05:52:26.165+0000","cd640875-77ba-4dd2-805c-1c161c644ee2","421765fd-58aa-49d8-948a-9bf4370bd957","","","","","","","","","","","","","","",""
"","37031028","canutus","Dipturus canutus Last, 2008","RAJIDAE","Dipturus","","canutus","","Valid Name","","Species","","Last","2008","Y","35ec12b1-2a30-4359-a8f5-8d3b59f3ca28","20180416T08:32:10.500+0000","c6e76aa4-4fb8-4a0d-a316-64b8e303bbea","20180731T05:52:26.165+0000","cd640875-77ba-4dd2-805c-1c161c644ee2","c6e76aa4-4fb8-4a0d-a316-64b8e303bbea","","","","","","","","","","","","","","",""
"","37031010","gudgeri","Dipturus gudgeri (Whitley, 1940)","RAJIDAE","Dipturus","","gudgeri","","Valid Name","","Species","","Whitley","1940","N","4597326c-7e8a-4cbc-b8d4-50124db12b53","20180417T06:03:33.515+0000","2c240929-ed5d-445f-acc0-f66e764a55f5","20180731T05:52:26.165+0000","cd640875-77ba-4dd2-805c-1c161c644ee2","2c240929-ed5d-445f-acc0-f66e764a55f5","","","","","","","","","","","","","","",""
"","37254001","parini","Diretmichthys parini (Post & Quéro, 1981)","DIRETMIDAE","Diretmichthys","","parini","","Valid Name","","Species","","Post & Quéro","1981","N","938364f2-1444-42d4-a709-1a716a00753a","20151217T07:58:59.973+0000","c195f5c7-0552-4198-8b80-db41eabe9b84","20160606T05:15:12.352+0000","8ce5d184-a7f2-4382-9501-a6dd194778a7","c195f5c7-0552-4198-8b80-db41eabe9b84","","","","","","","","","","","","","","",""
"","37254002","argenteus","Diretmus argenteus Johnson, 1864","DIRETMIDAE","Diretmus","","argenteus","","Valid Name","","Species","","Johnson","1864","Y","ae125210-daf9-4b97-871c-1cc8db91a32e","20151217T08:00:58.504+0000","598d3418-974a-42ac-930a-da6ac7f022d5","20160606T05:15:12.352+0000","a369c45c-7bcd-409c-bce1-6081c8c4890d","598d3418-974a-42ac-930a-da6ac7f022d5","","","","","","","","","","","","","","",""
"","37305006","australiae","Ebinania australiae Jackson & Nelson, 2006","PSYCHROLUTIDAE","Ebinania","","australiae","","Valid Name","","Species","","Jackson & Nelson","2006","Y","ae6a5edf-23bc-450e-a96b-bce5e7f8e5eb","20150421T08:08:10.975+0000","46d72f09-21c3-4781-b18a-360c023344a1","20150505T21:35:04.768+0000","0ac82a87-9e9f-40a7-a6cb-fb11aefdfe0f","46d72f09-21c3-4781-b18a-360c023344a1","","","","","","","","","","","","","","",""
"","37305005","macquariensis","Ebinania macquariensis Nelson, 1982","PSYCHROLUTIDAE","Ebinania","","macquariensis","","Valid Name","","Species","","Nelson","1982","Y","b5e8836c-ea21-4142-a2e5-906901779880","20150421T08:06:31.030+0000","d50249b9-b2be-422a-9973-13f92f3c3e57","20150505T21:35:04.768+0000","0ac82a87-9e9f-40a7-a6cb-fb11aefdfe0f","d50249b9-b2be-422a-9973-13f92f3c3e57","","","","","","","","","","","","","","",""
"","37022001","brucus","Echinorhinus brucus (Bonnaterre, 1788)","ECHINORHINIDAE","Echinorhinus","","brucus","","Valid Name","","Species","","Bonnaterre","1788","N","10db3791-d489-4af9-a240-0994576a00e6","20110830T05:11:36.265+0000","877bc4db-6ad4-4456-8e68-a70654a74201","20141117T03:10:54.853+0000","1a728a72-7ff1-4dcb-b815-97dadf837388","877bc4db-6ad4-4456-8e68-a70654a74201","","","","","","","","","","","","","","",""
"","37022002","cookei","Echinorhinus cookei Pietschmann, 1928","ECHINORHINIDAE","Echinorhinus","","cookei","","Valid Name","","Species","","Pietschmann","1928","Y","9b115e7c-92f0-41f4-bc26-608415bf0dc5","20120302T04:26:57.690+0000","57677f92-f926-49b9-b466-db97dc9b2120","20120416T05:24:25.862+0000","1a728a72-7ff1-4dcb-b815-97dadf837388","57677f92-f926-49b9-b466-db97dc9b2120","","","","","","","","","","","","","","",""
"","37109006","barbatum","Echiostoma barbatum Lowe, 1843","STOMIIDAE","Echiostoma","","barbatum","","Valid Name","","Species","","Lowe","1843","Y","beb40159-8df5-445e-8ded-4dea6cf49fe2","20081009T05:11:37.000+0000","f511ecaf-3d2a-479a-a4b1-03e77e125a1b","20100727T00:03:17.157+0000","17dc2440-1e91-4ed8-a708-a9c0013abf90","f511ecaf-3d2a-479a-a4b1-03e77e125a1b","","","","","","","","","","","","","","",""
"","37122104","carlsbergi","Electrona carlsbergi (Tåning, 1932)","MYCTOPHIDAE","Electrona","","carlsbergi","","Valid Name","","Species","","Tåning","1932","N","58933d9f-51a9-4d9e-9ccd-4c3865f7aac5","20081009T05:11:37.000+0000","7ebb56ed-1a72-41f3-8076-c5eec8c077c7","20100727T00:07:22.682+0000","bed74e58-cf37-4c4a-ba11-46eab7e0f621","7ebb56ed-1a72-41f3-8076-c5eec8c077c7","","","","","","","","","","","","","","",""
"","37122075","paucirastra","Electrona paucirastra Bolin, 1962","MYCTOPHIDAE","Electrona","","paucirastra","","Valid Name","","Species","","Bolin","1962","Y","754d6e77-42bc-4ff4-946e-3d301108521f","20081009T05:11:37.000+0000","f5b51345-d942-48cc-8a0a-084bbf2a34e4","20100727T00:07:22.682+0000","bed74e58-cf37-4c4a-ba11-46eab7e0f621","f5b51345-d942-48cc-8a0a-084bbf2a34e4","","","","","","","","","","","","","","",""
"","37327010","denticulatus","Epigonus denticulatus Dieuzeide, 1950","EPIGONIDAE","Epigonus","","denticulatus","","Valid Name","","Species","","Dieuzeide","1950","Y","e242bace-d058-4b5c-a383-b707e7a854e4","20150817T21:09:37.222+0000","c47cf369-e787-4485-9040-0b9dd39ef814","20150914T22:09:56.426+0000","85e2f04c-ab07-4b8c-8ab4-a9450b1c5ecb","c47cf369-e787-4485-9040-0b9dd39ef814","","","","","","","","","","","","","","",""
"","37327001","lenimen","Epigonus lenimen (Whitley, 1935)","EPIGONIDAE","Epigonus","","lenimen","","Valid Name","","Species","","Whitley","1935","N","b46bb2e3-8046-49f6-912d-5f02f5632d70","20150817T21:09:37.222+0000","b665a536-77f2-4ed7-bb3a-a46f2f0a755b","20150914T22:09:56.426+0000","85e2f04c-ab07-4b8c-8ab4-a9450b1c5ecb","b665a536-77f2-4ed7-bb3a-a46f2f0a755b","","","","","","","","","","","","","","",""
"","37327018","robustus","Epigonus robustus (Barnard, 1927)","EPIGONIDAE","Epigonus","","robustus","","Valid Name","","Species","","Barnard","1927","N","42066b73-6ac4-4dde-b049-6e10b5dd4446","20150817T21:09:37.222+0000","00b9b822-0d13-429d-be31-2572dc17a8f0","20150914T22:09:56.426+0000","85e2f04c-ab07-4b8c-8ab4-a9450b1c5ecb","00b9b822-0d13-429d-be31-2572dc17a8f0","","","","","","","","","","","","","","",""
"","37327035","telescopus","Epigonus telescopus (Risso, 1810)","EPIGONIDAE","Epigonus","","telescopus","","Valid Name","","Species","","Risso","1810","N","984d0ee5-5e53-461d-861a-4f2105d81455","20150914T06:35:11.355+0000","3d381dce-ee5c-41bc-a33f-c7a7318fee15","20150914T22:09:56.426+0000","85e2f04c-ab07-4b8c-8ab4-a9450b1c5ecb","3d381dce-ee5c-41bc-a33f-c7a7318fee15","","","","","","","","","","","","","","",""
"","37020005","lucifer","Etmopterus lucifer Jordan & Snyder, 1902","ETMOPTERIDAE","Etmopterus","","lucifer","","Valid Name","","Species","","Jordan & Snyder","1902","Y","55aa105c-7c93-4bc5-acb2-9ba7385013e5","20110603T13:53:08.849+0000","38c70ea1-2b10-4e34-8a37-9547b8b2df4b","20120416T05:24:25.862+0000","424df03e-a5dd-4038-b685-e1cec8502bcd","38c70ea1-2b10-4e34-8a37-9547b8b2df4b","","","","","","","","","","","","","","",""
"","37020015","pusillus","Etmopterus pusillus (Lowe, 1839)","ETMOPTERIDAE","Etmopterus","","pusillus","","Valid Name","","Species","","Lowe","1839","N","c86d7970-c54d-4118-9139-d055cdbdd580","20110218T01:51:42.612+0000","f5e0df91-90ef-4136-bb85-1fc9fd228871","20120416T05:24:25.862+0000","424df03e-a5dd-4038-b685-e1cec8502bcd","f5e0df91-90ef-4136-bb85-1fc9fd228871","","","","","","","","","","","","","","",""
"","37020022","unicolor","Etmopterus unicolor (Engelhardt, 1912)","ETMOPTERIDAE","Etmopterus","","unicolor","","Valid Name","","Species","","Engelhardt","1912","N","6d5e9828-9c25-4a16-82d4-07b6cd82b124","20111022T04:32:10.818+0000","48144b4c-0170-4412-ac53-09912b4637bd","20120416T05:24:25.862+0000","424df03e-a5dd-4038-b685-e1cec8502bcd","48144b4c-0170-4412-ac53-09912b4637bd","","","","","","","","","","","","","","",""
"","37224001","polynemus","Euclichthys polynemus McCulloch, 1926","EUCLICHTHYIDAE","Euclichthys","","polynemus","","Valid Name","","Species","","McCulloch","1926","Y","018cdef3-bc00-462d-8782-f90472bc7576","20151019T05:51:18.468+0000","2f2fa92d-9a67-4145-a45d-b8a4274f27f9","20151125T23:15:40.328+0000","1e6d7d7a-7a6a-4d45-9ce9-1c46a32df1f4","2f2fa92d-9a67-4145-a45d-b8a4274f27f9","","","","","","","","","","","","","","",""
"","37109008","trewavasae","Eustomias trewavasae Norman, 1930","STOMIIDAE","Eustomias","","trewavasae","","Valid Name","","Species","","Norman","1930","Y","be8d0049-f727-4377-9a78-a72c876655b2","20120112T00:00:10.502+0000","4a943c5f-d620-45d7-804f-2ea2880fe474","20120112T00:00:10.502+0000","d76dbf7f-9ab3-446b-bf70-32e7a1df6d6c","4a943c5f-d620-45d7-804f-2ea2880fe474","","","","","","","","","","","","","","",""
"","37015009","boardmani","Figaro boardmani (Whitley, 1928)","SCYLIORHINIDAE","Figaro","","boardmani","","Valid Name","","Species","","Whitley","1928","N","0b5a5d25-c6a7-4503-9629-0a0232d8d74b","20120308T04:04:36.295+0000","d09d064e-0f5e-4eca-a42c-345a9e6064b4","20130719T05:49:37.701+0000","6081f2c6-57d1-48fc-981b-2aa0a026083a","d09d064e-0f5e-4eca-a42c-345a9e6064b4","","","","","","","","","","","","","","",""
"","37232079","pepperi","Gadomus pepperi Iwamoto & Williams, 1999","BATHYGADIDAE","Gadomus","","pepperi","","Valid Name","","Species","","Iwamoto & Williams","1999","Y","f7a1b30e-5c8a-472c-ab50-1a5e7ad99e8f","20151019T05:09:43.094+0000","baaed14e-9143-4c2f-a5c3-8110e33bbac7","20151125T23:15:40.328+0000","4fbccad9-8166-4404-a94d-7dcf0dbb95e0","baaed14e-9143-4c2f-a5c3-8110e33bbac7","","","","","","","","","","","","","","",""
"","37017008","galeus","Galeorhinus galeus (Linnaeus, 1758)","TRIAKIDAE","Galeorhinus","","galeus","","Valid Name","","Species","","Linnaeus","1758","N","7df0712e-1a80-481d-96ac-9541502131a5","20140313T03:41:28.159+0000","b7bd8014-7231-4782-90a8-c62ea495536b","20140313T03:41:28.159+0000","08225dba-7dda-4a01-9e35-a72ae7f01ff5","b7bd8014-7231-4782-90a8-c62ea495536b","","","","","","","","","","","","","","",""
"","37441019","melampus","Gasterochisma melampus Richardson, 1845","SCOMBRIDAE","Gasterochisma","","melampus","","Valid Name","","Species","","Richardson","1845","Y","c0adcba4-139d-437b-8b90-20782d60a630","20131008T23:07:52.756+0000","8ea45d78-562d-4502-bd16-e0890cebd864","20131008T23:07:52.756+0000","ca24eab4-a68c-4d20-abfa-4abaf4493a23","8ea45d78-562d-4502-bd16-e0890cebd864","","","","","","","","","","","","","","",""
"","37228002","blacodes","Genypterus blacodes (Forster, 1801)","OPHIDIIDAE","Genypterus","","blacodes","","Valid Name","","Species","","Forster","1801","N","2199450d-e0f0-42c6-971c-af50559d74aa","20150518T04:54:39.304+0000","29179db6-b349-489b-989c-983674053790","20150622T00:52:33.563+0000","e5f83ad3-a98d-443e-97c4-882ef6b06cd3","29179db6-b349-489b-989c-983674053790","","","","","","","","","","","","","","",""
"","37255004","darwinii","Gephyroberyx darwinii (Johnson, 1866)","TRACHICHTHYIDAE","Gephyroberyx","","darwinii","","Valid Name","","Species","","Johnson","1866","N","5de51e6d-d894-4ef6-8fd3-0a653e1829b7","20151205T06:12:10.689+0000","622375cf-344a-47af-9def-7890c604212f","20160606T05:15:12.352+0000","7af42788-77e7-4759-85ca-112063c3d034","622375cf-344a-47af-9def-7890c604212f","","","","","","","","","","","","","","",""
"","37217003","gargantua","Gigantactis gargantua Bertelsen, Pietsch & Lavenberg, 1981","GIGANTACTINIDAE","Gigantactis","","gargantua","","Valid Name","","Species","","Bertelsen, Pietsch & Lavenberg","1981","Y","fc3d49a1-3ab7-4930-abc0-d6f1b7e8f9c0","20150430T10:30:50.541+0000","349df0df-9db2-4285-a923-7db2b05bd58a","20150625T00:28:50.961+0000","732fc1f8-7d3f-4ffb-ba7d-bc80cc838d68","349df0df-9db2-4285-a923-7db2b05bd58a","","","","","","","","","","","","","","",""
"","37067027","macroporis","Gnathophis macroporis Karmovskaya & Paxton, 2000","CONGRIDAE","Gnathophis","","macroporis","","Valid Name","","Species","","Karmovskaya & Paxton","2000","Y","68819c85-2941-4744-89d1-23ec5ad779ec","20180630T05:49:25.041+0000","a740636c-e5f9-48a7-a605-c960082b2e39","20190305T04:57:36.559+0000","13d9063f-02fe-4817-bca6-854ece756927","a740636c-e5f9-48a7-a605-c960082b2e39","","","","","","","","","","","","","","",""
"","37224013","globiceps","Guttigadus globiceps (Gilchrist, 1906)","MORIDAE","Guttigadus","","globiceps","","Valid Name","","Species","","Gilchrist","1906","N","a69b6b94-b4e3-487d-93f9-284839ff154d","20151002T03:58:23.869+0000","d01e21ea-97ec-4fe7-b8f4-c678f5a289ec","20151125T23:15:40.328+0000","251f731d-67bd-42d4-9ed9-4c717f33b2ea","d01e21ea-97ec-4fe7-b8f4-c678f5a289ec","","","","","","","","","","","","","","",""
"","37122105","hintonoides","Gymnoscopelus hintonoides Hulley, 1981","MYCTOPHIDAE","Gymnoscopelus","","hintonoides","","Valid Name","","Species","","Hulley","1981","Y","e1a73b8a-5e6c-4c07-a215-130ec6f0c6ba","20081009T05:11:37.000+0000","f37830a7-5488-43cb-9734-2800c1d41768","20100727T00:07:22.682+0000","c77ac8c4-e622-466a-9242-b0d3d210dfc7","f37830a7-5488-43cb-9734-2800c1d41768","","","","","","","","","","","","","","",""
"","37122106","microlampas","Gymnoscopelus microlampas Hulley, 1981","MYCTOPHIDAE","Gymnoscopelus","","microlampas","","Valid Name","","Species","","Hulley","1981","Y","925cefdc-3692-4195-b218-5ceb26a086b0","20081009T05:11:37.000+0000","9741eb3e-1ee0-4af3-8db2-191979cfd631","20100727T00:07:22.682+0000","c77ac8c4-e622-466a-9242-b0d3d210dfc7","9741eb3e-1ee0-4af3-8db2-191979cfd631","","","","","","","","","","","","","","",""
"","37122018","piabilis","Gymnoscopelus piabilis (Whitley, 1931)","MYCTOPHIDAE","Gymnoscopelus","","piabilis","","Valid Name","","Species","","Whitley","1931","N","dda8ff5c-8d46-432d-af71-6d111bcd3483","20081009T05:11:37.000+0000","f0deae70-85e5-44be-8185-6fff007d806c","20100727T00:07:22.682+0000","c77ac8c4-e622-466a-9242-b0d3d210dfc7","f0deae70-85e5-44be-8185-6fff007d806c","","","","","","","","","","","","","","",""
"","37224009","johnsonii","Halargyreus johnsonii Günther, 1862","MORIDAE","Halargyreus","","johnsonii","","Valid Name","","Species","","Günther","1862","Y","7a651e97-9671-4903-a12b-225260bed75d","20151019T00:31:20.338+0000","e347815f-c654-45b7-9f70-9a1ed2b66712","20151125T23:15:40.328+0000","3c1858dd-14ca-454f-98ae-62597a43575d","e347815f-c654-45b7-9f70-9a1ed2b66712","","","","","","","","","","","","","","",""
"","37081003","macrochir","Halosauropsis macrochir (Günther, 1878)","HALOSAURIDAE","Halosauropsis","","macrochir","","Valid Name","","Species","","Günther","1878","N","7cdc7eb8-4231-40b2-98da-15ca3157c513","20180802T07:52:14.086+0000","3ae9ec4b-e815-4241-8091-f8d1ff5aefde","20190305T04:57:36.559+0000","fadb5eab-fd96-4564-b4d2-f9f80e32b34e","3ae9ec4b-e815-4241-8091-f8d1ff5aefde","","","","","","","","","","","","","","",""
"","37081002","pectoralis","Halosaurus pectoralis McCulloch, 1926","HALOSAURIDAE","Halosaurus","","pectoralis","","Valid Name","","Species","","McCulloch","1926","Y","8dabb521-f03e-44df-ae0e-7e29eae0e070","20180817T06:47:41.294+0000","d846444f-cae5-4bfb-90d1-c9b108b0fe1f","20190305T04:57:36.559+0000","16e41288-dd14-4709-853d-0ddef965168e","d846444f-cae5-4bfb-90d1-c9b108b0fe1f","","","","","","","","","","","","","","",""
"","37232055","nudirostris","Haplomacrourus nudirostris Trunov, 1980","MACROURIDAE","Haplomacrourus","","nudirostris","","Valid Name","","Species","","Trunov","1980","Y","af04546a-5a0c-466f-a11a-1c3b6bae3b35","20180411T22:50:16.904+0000","18128505-f9c4-4fff-9526-88b2a71b25fd","20180731T05:42:43.637+0000","a3d601e3-fe7b-47a5-bbeb-8b9a26772c64","18128505-f9c4-4fff-9526-88b2a71b25fd","","","","","","","","","","","","","","",""
"","37044001","raleighana","Harriotta raleighana Goode & Bean, 1895","RHINOCHIMAERIDAE","Harriotta","","raleighana","","Valid Name","","Species","","Goode & Bean","1895","Y","ccc99f40-1cfe-4e1e-8695-74be3a7e7202","20120301T04:48:05.829+0000","8e56e147-e90a-4500-abdd-da114e2f43df","20120416T05:24:25.862+0000","26761406-d82b-4966-a2a9-06ce2b022887","8e56e147-e90a-4500-abdd-da114e2f43df","","","","","","","","","","","","","","",""
"","37287093","barathri","Helicolenus barathri (Hector, 1875)","SEBASTIDAE","Helicolenus","","barathri","","Valid Name","","Species","","Hector","1875","N","5b2e43d1-60e1-458d-8b32-0deb1aefa561","20150429T22:45:39.565+0000","e65e7014-faae-4cc3-b602-9fd64a845351","20150505T21:35:04.768+0000","07f5d5aa-57a8-44c4-b711-f098bbb0148b","e65e7014-faae-4cc3-b602-9fd64a845351","","","","","","","","","","","","","","",""
"","37287001","percoides","Helicolenus percoides (Richardson, 1842)","SEBASTIDAE","Helicolenus","","percoides","","Valid Name","","Species","","Richardson","1842","N","85003598-5710-4a92-a801-dbd3cdbd1483","20150429T22:48:31.055+0000","e9e794e6-84f7-49d2-9c2a-c6bfc5f7c238","20150505T21:35:04.768+0000","07f5d5aa-57a8-44c4-b711-f098bbb0148b","e9e794e6-84f7-49d2-9c2a-c6bfc5f7c238","","","","","","","","","","","","","","",""
"","37005001","perlo","Heptranchias perlo (Bonnaterre, 1788)","HEXANCHIDAE","Heptranchias","","perlo","","Valid Name","","Species","","Bonnaterre","1788","N","3d584571-4389-41dd-8842-53f1e086f9f1","20140313T03:41:28.159+0000","2fc6a2af-1d07-4da0-8d8f-fe3f18da55c7","20140313T03:41:28.159+0000","d8c740af-bd1c-4a32-9fd0-b514d36e84af","2fc6a2af-1d07-4da0-8d8f-fe3f18da55c7","","","","","","","","","","","","","","",""
"","37005005","griseus","Hexanchus griseus (Bonnaterre, 1788)","HEXANCHIDAE","Hexanchus","","griseus","","Valid Name","","Species","","Bonnaterre","1788","N","2fb60abb-5b28-4ddc-8212-2f90bd0f293d","20140313T03:41:28.159+0000","2cf8bb67-a70c-454f-8f5c-e69409d1e613","20140313T03:41:28.159+0000","9d8828a4-08f0-45ac-87f6-c9e68b926341","2cf8bb67-a70c-454f-8f5c-e69409d1e613","","","","","","","","","","","","","","",""
"","37215001","appelii","Himantolophus appelii (Clarke, 1878)","HIMANTOLOPHIDAE","Himantolophus","","appelii","","Valid Name","","Species","","Clarke","1878","N","d3fd444e-f84f-4da5-9516-0a0c8822177f","20150502T09:00:58.018+0000","3a699533-dd97-423b-8ba0-22a1e35a680e","20150625T00:28:50.961+0000","f1a5ae8a-fba6-42f4-9da9-5795492fd76e","3a699533-dd97-423b-8ba0-22a1e35a680e","","","","","","","","","","","","","","",""
"","37233002","rufipinnis","Hirundichthys rufipinnis (Valenciennes, 1847)","EXOCOETIDAE","Hirundichthys","","rufipinnis","","Valid Name","","Species","","Valenciennes","1847","N","68387651-e72d-408b-8bf2-7abd1e28a8d0","20180320T06:24:08.056+0000","8fa73c7a-e39e-4b7a-8f16-b594277a736d","20180329T02:08:16.158+0000","9f8f8210-f58d-44ce-9dab-77a53253360f","8fa73c7a-e39e-4b7a-8f16-b594277a736d","","","","","","","","","","","","","","",""
"","37115002","laticauda","Holtbyrnia laticauda Sazonov, 1976","PLATYTROCTIDAE","Holtbyrnia","","laticauda","","Valid Name","","Species","","Sazonov","1976","Y","9d906b24-ff99-4920-a98d-fd28a6a4bbd8","20160523T00:06:44.378+0000","af646964-7bc9-4db1-a5c7-b1b8c8a8c02e","20160606T05:32:28.811+0000","798e8346-2ead-49e6-a683-32a5628f0a8b","af646964-7bc9-4db1-a5c7-b1b8c8a8c02e","","","","","","","","","","","","","","",""
"","37297001","haswelli","Hoplichthys haswelli McCulloch, 1907","HOPLICHTHYIDAE","Hoplichthys","","haswelli","","Valid Name","","Species","","McCulloch","1907","Y","aad474dc-b1f8-46e0-bb0a-bcad85f79bf4","20150407T14:12:02.491+0000","7196e7fd-b12c-4b43-995e-368c5b31cbfa","20150505T21:35:04.768+0000","b030ab4f-e4c8-49cb-a303-149a61617d64","7196e7fd-b12c-4b43-995e-368c5b31cbfa","","","","","","","","","","","","","","",""
"","37255009","atlanticus","Hoplostethus atlanticus Collett, 1889","TRACHICHTHYIDAE","Hoplostethus","","atlanticus","","Valid Name","","Species","","Collett","1889","Y","56a67e0f-e353-4ea8-b8f5-a77b0ce64290","20160517T10:05:41.965+0000","340484bd-33f6-4b46-a63c-751f0b159ed1","20160606T05:15:12.352+0000","2ad65168-c70e-42e1-b0f4-3c8a27b09860","340484bd-33f6-4b46-a63c-751f0b159ed1","","","","","","","","","","","","","","",""
"","37255005","gigas","Hoplostethus gigas McCulloch, 1914","TRACHICHTHYIDAE","Hoplostethus","","gigas","","Valid Name","","Species","","McCulloch","1914","Y","475ae698-e591-4257-bfec-0ce535009311","20160517T12:50:21.958+0000","b9e906b4-2b43-42fa-9cbb-89b2f1be7067","20160606T05:15:12.352+0000","2ad65168-c70e-42e1-b0f4-3c8a27b09860","b9e906b4-2b43-42fa-9cbb-89b2f1be7067","","","","","","","","","","","","","","",""
"","37255001","mediterraneus","Hoplostethus mediterraneus Cuvier, 1829","TRACHICHTHYIDAE","Hoplostethus","","mediterraneus","","Valid Name","","Species","","Cuvier","1829","Y","0e3538c3-ecbf-4fc8-82f9-40ae6c560b54","20160517T12:39:21.798+0000","de0ce079-765d-489e-a447-f01a97804866","20160606T05:15:12.352+0000","2ad65168-c70e-42e1-b0f4-3c8a27b09860","de0ce079-765d-489e-a447-f01a97804866","","","","","","","","","","","","","","",""
"","37327036","sherborni","Howella sherborni (Norman, 1930)","HOWELLIDAE","Howella","","sherborni","","Valid Name","","Species","","Norman","1930","N","a56fa3f7-568c-422d-a196-6dd5519fd511","20140220T01:42:36.374+0000","21ce3b26-a7cf-465c-9747-cfacd4b98114","20140221T03:14:34.965+0000","6cd08e9e-6250-435f-944d-a277ea817e5f","21ce3b26-a7cf-465c-9747-cfacd4b98114","","","","","","","","","","","","","","",""
"","37042010","homonycteris","Hydrolagus homonycteris Didier, 2008","CHIMAERIDAE","Hydrolagus","","homonycteris","","Valid Name","","Species","","Didier","2008","Y","d2a0528e-aa42-4d38-8924-460dfa7f05aa","20110416T10:09:01.924+0000","afca3308-1a3c-48e9-a4b4-5ba431e41f7c","20120416T05:24:25.862+0000","8b3f6a53-3e29-49ea-9c1d-54788c8a7727","afca3308-1a3c-48e9-a4b4-5ba431e41f7c","","","","","","","","","","","","","","",""
"","37042003","lemures","Hydrolagus lemures (Whitley, 1939)","CHIMAERIDAE","Hydrolagus","","lemures","","Valid Name","","Species","","Whitley","1939","N","f5238f68-360e-4676-b991-de4081532fa1","20111023T03:55:50.426+0000","0d67938a-4ff2-4126-942c-1803a12e6970","20120416T05:24:25.862+0000","8b3f6a53-3e29-49ea-9c1d-54788c8a7727","0d67938a-4ff2-4126-942c-1803a12e6970","","","","","","","","","","","","","","",""
"","37042001","ogilbyi","Hydrolagus ogilbyi (Waite, 1898)","CHIMAERIDAE","Hydrolagus","","ogilbyi","","Valid Name","","Species","","Waite","1898","N","cb1d2eea-4079-4d0f-82dd-e7e34090f9d9","20120210T05:43:04.698+0000","5ce7a9a4-f53b-4c31-9717-9da0de92ec72","20120416T05:24:25.862+0000","8b3f6a53-3e29-49ea-9c1d-54788c8a7727","5ce7a9a4-f53b-4c31-9717-9da0de92ec72","","","","","","","","","","","","","","",""
"","37122045","hanseni","Hygophum hanseni (Tåning, 1932)","MYCTOPHIDAE","Hygophum","","hanseni","","Valid Name","","Species","","Tåning","1932","N","b1136d8b-152f-4d33-9429-875c233ca39a","20081009T05:11:37.000+0000","7e8dd6a5-5415-4791-8517-9847319bb603","20100727T00:07:22.682+0000","bd197d30-5d03-4c72-a0cc-ae6b8260ffcb","7e8dd6a5-5415-4791-8517-9847319bb603","","","","","","","","","","","","","","",""
"","37122004","hygomii","Hygophum hygomii (Lütken, 1892)","MYCTOPHIDAE","Hygophum","","hygomii","","Valid Name","","Species","","Lütken","1892","N","836a4b28-39a9-479c-9863-caf5d437de92","20081009T05:11:37.000+0000","fc6b5779-ace8-4119-b6ac-22df1f15de4b","20100727T00:07:22.682+0000","bd197d30-5d03-4c72-a0cc-ae6b8260ffcb","fc6b5779-ace8-4119-b6ac-22df1f15de4b","","","","","","","","","","","","","","",""
"","37445001","antarctica","Hyperoglyphe antarctica (Carmichael, 1818)","CENTROLOPHIDAE","Hyperoglyphe","","antarctica","","Valid Name","","Species","","Carmichael","1818","N","e06e7c6d-bf80-49c6-9bd5-2f3e73294655","20131008T23:07:52.756+0000","12dde7a8-3cb4-4eac-8126-100fb7918010","20131017T03:09:50.100+0000","f74f7bfe-32d3-404f-ba1f-0c2d1ccf1c28","12dde7a8-3cb4-4eac-8126-100fb7918010","","","","","","","","","","","","","","",""
"","37106022","australis","Ichthyococcus australis Mukhacheva, 1980","PHOSICHTHYIDAE","Ichthyococcus","","australis","","Valid Name","","Species","","Mukhacheva","1980","Y","9d93b9e1-7280-4fd0-a331-ea08f4a6bd44","20081009T05:11:37.000+0000","ef7a2cbd-be27-4836-ac8d-87b583217512","20100727T00:03:17.157+0000","b71a5e7b-b51b-4fe3-b28c-cb8daa9dfdcd","ef7a2cbd-be27-4836-ac8d-87b583217512","","","","","","","","","","","","","","",""
"","37106009","ovatus","Ichthyococcus ovatus (Cocco, 1838)","PHOSICHTHYIDAE","Ichthyococcus","","ovatus","","Valid Name","","Species","","Cocco","1838","N","35b5fd35-cf09-45fa-adb5-17110a4a3f4b","20081009T05:11:37.000+0000","4ae34b93-e242-40f8-8d3b-fd6ac5194570","20100727T00:03:17.157+0000","b71a5e7b-b51b-4fe3-b28c-cb8daa9dfdcd","4ae34b93-e242-40f8-8d3b-fd6ac5194570","","","","","","","","","","","","","","",""
"","37113002","atlanticus","Idiacanthus atlanticus Brauer, 1906","STOMIIDAE","Idiacanthus","","atlanticus","","Valid Name","","Species","","Brauer","1906","Y","d4d58061-bef3-48ae-944e-04f1bfb64942","20081009T05:11:37.000+0000","37d0f3e7-fb19-4623-b7dc-84cafa8f5b71","20100727T00:03:17.157+0000","40808d63-d101-4ffd-840f-18ac0e43d6ce","37d0f3e7-fb19-4623-b7dc-84cafa8f5b71","","","","","","","","","","","","","","",""
"","37232037","andriashevi","Idiolophorhynchus andriashevi Sazonov, 1981","MACROURIDAE","Idiolophorhynchus","","andriashevi","","Valid Name","","Species","","Sazonov","1981","Y","477f654c-b2e3-4e84-8165-c220d9704a64","20180411T22:50:16.904+0000","fc4d85c7-7593-4068-8529-4addda6e8534","20180731T05:42:43.637+0000","d5ccdda3-dd24-4be8-8ab4-fd3761c7a860","fc4d85c7-7593-4068-8529-4addda6e8534","","","","","","","","","","","","","","",""
"","37070002","brunneus","Ilyophis brunneus Gilbert, 1891","SYNAPHOBRANCHIDAE","Ilyophis","","brunneus","","Valid Name","","Species","","Gilbert","1891","Y","732d73c3-4fe1-4251-84bd-4a127420544f","20160718T02:02:33.763+0000","1999e7fb-fe02-4f2e-abb1-6ea1db94520e","20190305T04:57:36.559+0000","62a77c41-c419-4c92-9fbc-8bf43eb52f6f","1999e7fb-fe02-4f2e-abb1-6ea1db94520e","","","","","","","","","","","","","","",""
"","37444006","indica","Istiompax indica (Cuvier, 1832)","ISTIOPHORIDAE","Istiompax","","indica","","Valid Name","","Species","","Cuvier","1832","N","82a1b242-e286-4d26-9f33-c08e696941c9","20131008T23:07:52.756+0000","5a7c8ec1-6de5-48ed-b594-b9607745ffc2","20131008T23:07:52.756+0000","5c83d45b-37e4-4a00-b49d-f04ec90f473f","5a7c8ec1-6de5-48ed-b594-b9607745ffc2","","","","","","","","","","","","","","",""
"","37010001","oxyrinchus","Isurus oxyrinchus Rafinesque, 1810","LAMNIDAE","Isurus","","oxyrinchus","","Valid Name","","Species","","Rafinesque","1810","Y","dbdda7f3-b9c6-4b6b-9bb4-aeb50bb4fdb5","20140313T03:41:28.159+0000","d23278a6-3a59-419d-9b04-870b1d34018c","20140313T03:41:28.159+0000","3ed95850-3456-42a8-9ded-733a5bf7eab1","d23278a6-3a59-419d-9b04-870b1d34018c","","","","","","","","","","","","","","",""
"","37400018","canaster","Kathetostoma canaster Gomon & Last, 1987","URANOSCOPIDAE","Kathetostoma","","canaster","","Valid Name","","Species","","Gomon & Last","1987","Y","0ee6c107-940d-42ce-8271-a4bc10762f3c","20150926T09:20:41.444+0000","0582d475-3089-4320-987c-e6a0da84ed02","20151008T04:00:06.190+0000","b47648ad-15b1-4a3f-bcb2-4ccdc7f73d72","0582d475-3089-4320-987c-e6a0da84ed02","","","","","","","","","","","","","","",""
"","37441003","pelamis","Katsuwonus pelamis (Linnaeus, 1758)","SCOMBRIDAE","Katsuwonus","","pelamis","","Valid Name","","Species","","Linnaeus","1758","N","e6d8bd9b-439b-48d5-b1a4-e5957f228da5","20131008T23:07:52.756+0000","bb2ec6ae-1015-4602-80ac-39ef279011c1","20131008T23:07:52.756+0000","dae90a79-6061-4c45-98f8-bd64a81066f8","bb2ec6ae-1015-4602-80ac-39ef279011c1","","","","","","","","","","","","","","",""
"","37206017","kuiteri","Kopua kuiteri Hutchins, 1991","GOBIESOCIDAE","Kopua","","kuiteri","","Valid Name","","Species","","Hutchins","1991","Y","d14a41fd-337e-41ec-85b6-9bc22156fcce","20131008T23:07:52.756+0000","1d1ee2a0-e3e1-4a0f-98f4-337ee12c12a9","20190521T05:24:31.422+0000","747278d0-5414-4a9f-ab80-6ccc8ad898cf","1d1ee2a0-e3e1-4a0f-98f4-337ee12c12a9","","","","","","","","","","","","","","",""
"","37232062","leonis","Kuronezumia leonis (Barnard, 1925)","MACROURIDAE","Kuronezumia","","leonis","","Valid Name","","Species","","Barnard","1925","N","02838ec6-81f5-412a-bd0b-04de91c6084a","20180411T22:50:16.904+0000","98ca343e-492c-45cd-9e59-cf116983238c","20180731T05:42:43.637+0000","4ad316c6-c94e-4c62-8186-8e21486c5964","98ca343e-492c-45cd-9e59-cf116983238c","","","","","","","","","","","","","","",""
"","37467023","lagocephalus","Lagocephalus lagocephalus (Linnaeus, 1758)","TETRAODONTIDAE","Lagocephalus","","lagocephalus","","Valid Name","","Species","","Linnaeus","1758","N","06ea20bc-5f1e-42de-bb52-f97431fdaf16","20140428T04:53:16.496+0000","5e0976cf-a36b-4ba3-9be9-9b9951d8532d","20140429T04:00:17.360+0000","52f94eca-57e7-44e6-988e-a3a9a6c766bf","5e0976cf-a36b-4ba3-9be9-9b9951d8532d","","","","","","","","","","","","","","",""
"","37010004","nasus","Lamna nasus (Bonnaterre, 1788)","LAMNIDAE","Lamna","","nasus","","Valid Name","","Species","","Bonnaterre","1788","N","6ed085bc-76a8-4dc2-839d-a1215c7bba48","20140313T03:41:28.159+0000","59dc94d5-7e02-40c3-9f89-1811b231a869","20140313T03:41:28.159+0000","8daf8ae0-f601-4685-a90d-bf5bee72a6d6","59dc94d5-7e02-40c3-9f89-1811b231a869","","","","","","","","","","","","","","",""
"","37122002","hectoris","Lampanyctodes hectoris (Günther, 1876)","MYCTOPHIDAE","Lampanyctodes","","hectoris","","Valid Name","","Species","","Günther","1876","N","f18a4448-5486-4c65-881e-926b9c5de428","20081009T05:11:37.000+0000","77015743-327f-467f-8c9c-1cb1865be6bc","20100727T00:07:22.682+0000","b1417f1a-d1d3-43e4-bb0a-2afb41bee9e5","77015743-327f-467f-8c9c-1cb1865be6bc","","","","","","","","","","","","","","",""
"","37122048","alatus","Lampanyctus alatus Goode & Bean, 1896","MYCTOPHIDAE","Lampanyctus","","alatus","","Valid Name","","Species","","Goode & Bean","1896","Y","86cc1d4c-92ad-4c4b-b3e2-6b1da6bec6ac","20081009T05:11:37.000+0000","7754f38f-3278-47be-8f63-556c2a0b0a9c","20100727T00:07:22.682+0000","40c59efd-43a0-4a1a-87b6-ed49f20c860c","7754f38f-3278-47be-8f63-556c2a0b0a9c","","","","","","","","","","","","","","",""
"","37122051","lepidolychnus","Lampanyctus lepidolychnus Becker, 1967","MYCTOPHIDAE","Lampanyctus","","lepidolychnus","","Valid Name","","Species","","Becker","1967","Y","1809fd05-fc60-4e72-83d9-630cbf068c28","20081009T05:11:37.000+0000","8b2ba09e-6e0d-470d-bf27-872a35de5c3e","20100727T00:07:22.682+0000","40c59efd-43a0-4a1a-87b6-ed49f20c860c","8b2ba09e-6e0d-470d-bf27-872a35de5c3e","","","","","","","","","","","","","","",""
"","37122063","macdonaldi","Lampanyctus macdonaldi (Goode & Bean, 1896)","MYCTOPHIDAE","Lampanyctus","","macdonaldi","","Valid Name","","Species","","Goode & Bean","1896","N","d4db9da1-ef7f-4c3e-9ef4-1bbdb0ff1dc0","20081009T05:11:37.000+0000","06e7a4d8-7ea0-427f-9794-cb66ccccb9e7","20100727T00:07:22.682+0000","40c59efd-43a0-4a1a-87b6-ed49f20c860c","06e7a4d8-7ea0-427f-9794-cb66ccccb9e7","","","","","","","","","","","","","","",""
"","37122052","pusillus","Lampanyctus pusillus (Johnson, 1890)","MYCTOPHIDAE","Lampanyctus","","pusillus","","Valid Name","","Species","","Johnson","1890","N","ea1fb096-76a9-4874-aa4b-55b805408d7f","20081009T05:11:37.000+0000","f9e7644b-e6a6-4683-8c4d-6d09de4c2378","20100727T00:07:22.682+0000","40c59efd-43a0-4a1a-87b6-ed49f20c860c","f9e7644b-e6a6-4683-8c4d-6d09de4c2378","","","","","","","","","","","","","","",""
"","37268001","australensis","Lampris australensis Underkoffler, Luers, Hyde & Craig, 2018","LAMPRIDIDAE","Lampris","","australensis","","Valid Name","","Species","","Underkoffler, Luers, Hyde & Craig","2018","Y","037f3f03-992c-4687-b054-3f9c78784a7c","20180702T03:59:59.835+0000","fd86890b-e7cc-4225-83cb-9fdd592d2d43","20180731T05:33:35.120+0000","e84675b8-136b-414d-8b21-e464fe6387d0","fd86890b-e7cc-4225-83cb-9fdd592d2d43","","","","","","","","","","","","","","",""
"","37228073","niger","Lamprogrammus niger Alcock, 1891","OPHIDIIDAE","Lamprogrammus","","niger","","Valid Name","","Species","","Alcock","1891","Y","2cdbdc90-de5f-4fe6-9746-69c5d74ab82f","20100727T00:10:29.095+0000","32bcb485-d2d9-4573-820c-82c972a2fcc5","20150622T00:52:33.563+0000","5e2a7eec-685a-4db9-a0bf-5fe9dc35766e","32bcb485-d2d9-4573-820c-82c972a2fcc5","","","","","","","","","","","","","","",""
"","37224010","microcephalus","Lepidion microcephalus Cowper, 1956","MORIDAE","Lepidion","","microcephalus","","Valid Name","","Species","","Cowper","1956","Y","c01411b8-7617-48f7-9ebf-d6e9be1db4fa","20151019T01:54:14.977+0000","c3feddbe-5c8f-4fd4-8e6a-3ddcda65b4ce","20151125T23:15:40.328+0000","894779bf-ad6e-495e-85ed-5abe1b24bcda","c3feddbe-5c8f-4fd4-8e6a-3ddcda65b4ce","","","","","","","","","","","","","","",""
"","37224017","schmidti","Lepidion schmidti Svetovidov, 1936","MORIDAE","Lepidion","","schmidti","","Valid Name","","Species","","Svetovidov","1936","Y","3a4f4faa-75e6-4d8f-8556-8c604e1dea6e","20151019T01:57:25.009+0000","ee958db7-65af-44b2-b115-c21461664819","20151125T23:15:40.328+0000","894779bf-ad6e-495e-85ed-5abe1b24bcda","ee958db7-65af-44b2-b115-c21461664819","","","","","","","","","","","","","","",""
"","37439008","flavobrunneum","Lepidocybium flavobrunneum (Smith, 1843)","GEMPYLIDAE","Lepidocybium","","flavobrunneum","","Valid Name","","Species","","Smith","1843","N","29c45238-d47e-4957-9a35-fc092c509eaf","20131008T23:07:52.756+0000","01e570df-cf5b-4dbc-b93b-8662cf279f37","20131008T23:07:52.756+0000","225a8688-eb91-46d3-b2c0-4908edb16aa6","01e570df-cf5b-4dbc-b93b-8662cf279f37","","","","","","","","","","","","","","",""
"","37440002","caudatus","Lepidopus caudatus (Euphrasén, 1788)","TRICHIURIDAE","Lepidopus","","caudatus","","Valid Name","","Species","","Euphrasén","1788","N","ff430f3b-edda-40a1-8b47-c3ff13d0ce9d","20131008T23:07:52.756+0000","12e4d55f-aab2-4416-85fa-0e5c2060a358","20131008T23:07:52.756+0000","44be52e5-d13c-4a79-9917-f21e49e22b1b","12e4d55f-aab2-4416-85fa-0e5c2060a358","","","","","","","","","","","","","","",""
"","37232004","denticulatus","Lepidorhynchus denticulatus Richardson, 1846","MACROURIDAE","Lepidorhynchus","","denticulatus","","Valid Name","","Species","","Richardson","1846","Y","e322c763-a2d7-4b39-a12d-7427ac593240","20180515T06:40:29.685+0000","4f8c51f4-a798-44b8-aca8-0d3e406667ae","20180731T05:42:43.637+0000","1e3cb325-8460-44b1-ab36-66f0a904d949","4f8c51f4-a798-44b8-aca8-0d3e406667ae","","","","","","","","","","","","","","",""
"","37460001","gallus","Lophonectes gallus Günther, 1880","BOTHIDAE","Lophonectes","","gallus","","Valid Name","","Species","","Günther","1880","Y","a1afdf31-2820-474d-9b4b-f0d11f529c17","20150618T07:29:11.206+0000","68d6880e-8fca-4506-8338-512e0d616c7b","20150707T22:49:59.218+0000","810faba7-549e-4204-9ed2-4c3a77ff8bd5","68d6880e-8fca-4506-8338-512e0d616c7b","","","","","","","","","","","","","","",""
"","37232005","nigromaculatus","Lucigadus nigromaculatus (McCulloch, 1907)","MACROURIDAE","Lucigadus","","nigromaculatus","","Valid Name","","Species","","McCulloch","1907","N","cf704e38-8aa1-428d-863f-7e2a3895de0e","20180509T06:25:47.003+0000","afd34110-ccd3-4ff6-ae41-e6d72efd24e0","20180731T05:42:43.637+0000","d055dc55-2b0b-4a50-af22-c2c675390340","afd34110-ccd3-4ff6-ae41-e6d72efd24e0","","","","","","","","","","","","","","",""
"","37126001","macrogeneion","Macroparalepis macrogeneion Post, 1973","PARALEPIDIDAE","Macroparalepis","","macrogeneion","","Valid Name","","Species","","Post","1973","Y","0f506681-6271-49c6-a1a8-eec6e0314532","20160615T09:44:56.500+0000","ba87770f-8b0d-4fd5-bbec-972be15a023a","20161222T00:27:39.419+0000","07fd7350-4f60-494e-873e-3512d8ef5921","ba87770f-8b0d-4fd5-bbec-972be15a023a","","","","","","","","","","","","","","",""
"","37279002","scolopax","Macroramphosus scolopax (Linnaeus, 1758)","CENTRISCIDAE","Macroramphosus","","scolopax","","Valid Name","","Species","","Linnaeus","1758","N","1c65ad85-625d-4268-b13b-94431b0ea036","20170702T09:17:08.978+0000","8d1058ce-24a9-4ca2-a540-f6896fd5b015","20170727T04:24:54.431+0000","96fd4427-9f86-463f-864c-ed1ff1c578c5","8d1058ce-24a9-4ca2-a540-f6896fd5b015","","","","","","","","","","","","","","",""
"","37232036","carinatus","Macrourus carinatus (Günther, 1878)","MACROURIDAE","Macrourus","","carinatus","","Valid Name","","Species","","Günther","1878","N","9618f625-fb2d-42b3-89ea-e9c12ce17886","20180511T05:56:46.757+0000","539aaac4-d439-4e31-b08a-632ee0d256e6","20180731T05:42:43.637+0000","2058cf21-e433-4941-8bb8-951855524638","539aaac4-d439-4e31-b08a-632ee0d256e6","","","","","","","","","","","","","","",""
"","37227001","novaezelandiae","Macruronus novaezelandiae (Hector, 1871)","MERLUCCIIDAE","Macruronus","","novaezelandiae","","Valid Name","","Species","","Hector","1871","N","1eb8d38d-19b9-4d92-b755-fa82f555fab7","20151028T01:14:12.897+0000","774db16d-ca57-47da-8711-1397bcbff613","20151125T23:25:41.382+0000","9613f325-043f-4c3c-b3ca-946be394d879","774db16d-ca57-47da-8711-1397bcbff613","","","","","","","","","","","","","","",""
"","37126004","prionosa","Magnisudis prionosa (Rofen, 1963)","PARALEPIDIDAE","Magnisudis","","prionosa","","Valid Name","","Species","","Rofen","1963","N","2a23809d-4864-41f3-9003-2dae884b3cf9","20160711T08:05:38.578+0000","6de9706b-beee-42b7-9016-5df20fbe8d64","20161222T00:27:39.419+0000","a7387a7a-4ea4-4c65-8927-0c3f5978556f","6de9706b-beee-42b7-9016-5df20fbe8d64","","","","","","","","","","","","","","",""
"","37232007","laevis","Malacocephalus laevis (Lowe, 1843)","MACROURIDAE","Malacocephalus","","laevis","","Valid Name","","Species","","Lowe","1843","N","406e189e-b46b-42a2-9609-3e853690eb63","20180411T22:50:16.904+0000","e81f946b-dedd-4fbd-9709-98cb4c7b3383","20180731T05:42:43.637+0000","ec466bec-3020-44eb-973f-0e030b262a09","e81f946b-dedd-4fbd-9709-98cb4c7b3383","","","","","","","","","","","","","","",""
"","37470003","lanceolatus","Masturus lanceolatus (Liénard, 1840)","MOLIDAE","Masturus","","lanceolatus","","Valid Name","","Species","","Liénard","1840","N","467d8761-e8f6-4925-810a-0752be0a0184","20140428T04:53:16.496+0000","75974079-7bc0-4f14-badb-0765ad2da95c","20140429T04:00:17.360+0000","4aa6397c-56e2-4803-8c72-1a74e6e1f183","75974079-7bc0-4f14-badb-0765ad2da95c","","","","","","","","","","","","","","",""
"","37115005","acuticeps","Maulisia acuticeps Sazonov, 1976","PLATYTROCTIDAE","Maulisia","","acuticeps","","Valid Name","","Species","","Sazonov","1976","Y","67c6ef91-b898-4fbf-bb78-2a6571d0bda4","20160523T00:06:44.378+0000","0823c947-94ef-4fab-b4e2-fe9aa8b8f63f","20160606T05:32:28.811+0000","cbc2ec68-8b3a-4e10-a803-1decf8330e9e","0823c947-94ef-4fab-b4e2-fe9aa8b8f63f","","","","","","","","","","","","","","",""
"","37115006","microlepis","Maulisia microlepis Sazonov & Golovan, 1976","PLATYTROCTIDAE","Maulisia","","microlepis","","Valid Name","","Species","","Sazonov & Golovan","1976","Y","e3fda3e7-38ac-43a0-b896-4c230df2c7f4","20160523T00:06:44.378+0000","32c06ec1-7dc4-45bb-914d-9d6f1a7cdfb8","20160606T05:32:28.811+0000","cbc2ec68-8b3a-4e10-a803-1decf8330e9e","32c06ec1-7dc4-45bb-914d-9d6f1a7cdfb8","","","","","","","","","","","","","","",""
"","37213001","johnsonii","Melanocetus johnsonii Günther, 1864","MELANOCETIDAE","Melanocetus","","johnsonii","","Valid Name","","Species","","Günther","1864","Y","d669fbe9-3726-4afa-9072-3ee7a507ff34","20150503T14:05:50.079+0000","5cda72f0-56e4-4653-b60f-e8530f7cbb34","20150625T00:28:50.961+0000","6b8467ba-cfce-408a-ae01-4311304f29b2","5cda72f0-56e4-4653-b60f-e8530f7cbb34","","","","","","","","","","","","","","",""
"","37224015","gracilis","Melanonus gracilis Günther, 1878","MELANONIDAE","Melanonus","","gracilis","","Valid Name","","Species","","Günther","1878","Y","cb9f395b-110b-4775-966a-027fad45aac8","20150803T02:15:44.591+0000","ad5c4cd1-1988-44a3-9dc4-e30926c268a6","20151125T23:15:40.328+0000","39004643-935f-4196-a53f-63e401f68964","ad5c4cd1-1988-44a3-9dc4-e30926c268a6","","","","","","","","","","","","","","",""
"","37224016","zugmayeri","Melanonus zugmayeri Norman, 1930","MELANONIDAE","Melanonus","","zugmayeri","","Valid Name","","Species","","Norman","1930","Y","1bbe311d-c4b2-4543-b761-f2b3546bff47","20150803T02:09:25.220+0000","f6ce0c81-614e-46d4-b8de-520966445e98","20151125T23:15:40.328+0000","39004643-935f-4196-a53f-63e401f68964","f6ce0c81-614e-46d4-b8de-520966445e98","","","","","","","","","","","","","","",""
"","37109023","niger","Melanostomias niger Gilchrist & von Bonde, 1924","STOMIIDAE","Melanostomias","","niger","","Valid Name","","Species","","Gilchrist & von Bonde","1924","Y","07eee3f6-36df-4a7a-97dc-e486f783ed60","20120112T00:49:44.967+0000","74676c7f-4713-40f4-a904-5c95d617dcdb","20120112T00:49:44.967+0000","7fdfda17-bd95-43b0-bce6-db460cab1d47","74676c7f-4713-40f4-a904-5c95d617dcdb","","","","","","","","","","","","","","",""
"","37227002","australis","Merluccius australis (Hutton, 1872)","MERLUCCIIDAE","Merluccius","","australis","","Valid Name","","Species","","Hutton","1872","N","b7d025e7-cc27-414f-933d-6b761a87fc7c","20151019T06:09:47.213+0000","e0a5d2a2-2626-4cfe-b418-bb4d8f8bb8e6","20151125T23:15:40.328+0000","41b5e161-be53-4ff6-84ce-502037a6a766","e0a5d2a2-2626-4cfe-b418-bb4d8f8bb8e6","","","","","","","","","","","","","","",""
"","37232035","antipodum","Mesovagus antipodum (Hubbs & Iwamoto, 1977)","MACROURIDAE","Mesovagus","","antipodum","","Valid Name","","Species","","Hubbs & Iwamoto","1977","N","f310121b-dfa4-4857-8099-d3d784d8673d","20180516T06:10:53.850+0000","47acdc1a-6c91-4c61-94da-70563cb1b982","20180731T05:42:43.637+0000","243e95db-4818-4bd5-af59-db8a3f9bd583","47acdc1a-6c91-4c61-94da-70563cb1b982","","","","","","","","","","","","","","",""
"","37122016","ventralis","Metelectrona ventralis (Becker, 1963)","MYCTOPHIDAE","Metelectrona","","ventralis","","Valid Name","","Species","","Becker","1963","N","bca79ba0-bccf-4d45-bb04-23f65e3eb6c2","20081009T05:11:37.000+0000","8f1876c0-de8e-4ae8-b587-75db92518e6a","20100727T00:07:22.682+0000","8e9fe3de-245b-42a3-9106-dd2530882a3e","8f1876c0-de8e-4ae8-b587-75db92518e6a","","","","","","","","","","","","","","",""
"","37009002","owstoni","Mitsukurina owstoni Jordan, 1898","MITSUKURINIDAE","Mitsukurina","","owstoni","","Valid Name","","Species","","Jordan","1898","Y","52a71bdf-86d4-4bfc-a451-005e4c52e00b","20110823T14:33:32.692+0000","b1b5f1e3-1efa-4d18-b8f7-d26731b964cc","20120416T05:24:25.862+0000","57da8a70-2de3-4df0-ad64-a10e0c803fb5","b1b5f1e3-1efa-4d18-b8f7-d26731b964cc","","","","","","","","","","","","","","",""
"","37470002","mola","Mola mola (Linnaeus, 1758)","MOLIDAE","Mola","","mola","","Valid Name","","Species","","Linnaeus","1758","N","d082d89c-6ad2-456e-a56a-70999d114561","20140428T04:53:16.496+0000","14bcf4b6-aab8-4bfd-8d05-2cdc11adf6fb","20140429T04:00:17.360+0000","edce1058-0300-4b9e-82c7-ac99d29cae35","14bcf4b6-aab8-4bfd-8d05-2cdc11adf6fb","","","","","","","","","","","","","","",""
"","37470001","ramsayi","Mola ramsayi (Giglioli, 1883)","MOLIDAE","Mola","","ramsayi","","Valid Name","","Species","","Giglioli","1883","N","6ce2c993-d8f7-4c46-847c-362dffb4220d","20140428T04:53:16.496+0000","a6344895-0a66-4706-9252-e85caddd3c46","20140429T04:00:17.360+0000","edce1058-0300-4b9e-82c7-ac99d29cae35","a6344895-0a66-4706-9252-e85caddd3c46","","","","","","","","","","","","","","",""
"","37224002","moro","Mora moro (Risso, 1810)","MORIDAE","Mora","","moro","","Valid Name","","Species","","Risso","1810","N","e13bde35-b515-4ecd-946a-c016dacc45ef","20151123T06:07:03.318+0000","dcce0cb2-c525-41f1-bf75-a7e6556a1103","20151125T23:15:40.328+0000","1c43a087-179c-41c0-9e2b-582b5fde5af5","dcce0cb2-c525-41f1-bf75-a7e6556a1103","","","","","","","","","","","","","","",""
"","37017001","antarcticus","Mustelus antarcticus Günther, 1870","TRIAKIDAE","Mustelus","","antarcticus","","Valid Name","","Species","","Günther","1870","Y","6eeddd84-cb9a-40d6-8fb1-a7f86e663753","20140313T03:41:28.159+0000","7e6894af-e95e-411b-9773-80764569d658","20140313T03:41:28.159+0000","ac8d3d9b-2028-47f6-9c95-abffb292bd49","7e6894af-e95e-411b-9773-80764569d658","","","","","","","","","","","","","","",""
"","37122096","achirus","Nannobrachium achirus (Andriashev, 1962)","MYCTOPHIDAE","Nannobrachium","","achirus","","Valid Name","","Species","","Andriashev","1962","N","8b8e14e4-3888-4e03-a628-8e04fc50c76b","20081009T05:11:37.000+0000","9e7733e2-171f-4e2e-9fb6-ffed754b0644","20100727T00:07:22.682+0000","f12be850-f974-48eb-9eb7-928e790444d0","9e7733e2-171f-4e2e-9fb6-ffed754b0644","","","","","","","","","","","","","","",""
"","37337040","ductor","Naucrates ductor (Linnaeus, 1758)","CARANGIDAE","Naucrates","","ductor","","Valid Name","","Species","","Linnaeus","1758","N","4563c348-4be2-4796-98c2-2b400e2d1b93","20121213T05:05:37.372+0000","7f408b32-7f52-4050-aa37-902dd9f61897","20121213T07:07:48.331+0000","f18d8646-7321-4924-b0e7-325b7fc0c090","7f408b32-7f52-4050-aa37-902dd9f61897","","","","","","","","","","","","","","",""
"","37076001","curvirostris","Nemichthys curvirostris (Strömman, 1896)","NEMICHTHYIDAE","Nemichthys","","curvirostris","","Valid Name","","Species","","Strömman","1896","N","8e6683ff-7b51-4eae-b734-3ed6fb4cae2f","20180802T05:22:27.069+0000","1559badd-c0d9-489d-8e2e-6380cf5339a2","20190305T04:57:36.559+0000","34202d63-0eaa-4f2d-8293-8083d67e23ed","1559badd-c0d9-489d-8e2e-6380cf5339a2","","","","","","","","","","","","","","",""
"","37460052","milfordi","Neoachiropsetta milfordi (Penrith, 1965)","ACHIROPSETTIDAE","Neoachiropsetta","","milfordi","","Valid Name","","Species","","Penrith","1965","N","56ae76ca-b3c7-4297-9749-2b0a4a6078d4","20150619T02:30:38.239+0000","d95f5698-f7c8-4388-b7b9-03cf67554e7d","20150707T22:49:59.218+0000","13332cb9-5b0d-4591-80b0-f945ba70e658","d95f5698-f7c8-4388-b7b9-03cf67554e7d","","","","","","","","","","","","","","",""
"","37343001","heemstrai","Neocaristius heemstrai (Trunov, Kukuev & Parin, 2006)","CARISTIIDAE","Neocaristius","","heemstrai","","Valid Name","","Species","","Trunov, Kukuev & Parin","2006","N","1651ba83-6c00-442e-9d41-81a929dfc71f","20140718T05:17:47.495+0000","0e8389f1-21d4-4b4e-a889-70a3d6dd3fa2","20140721T02:05:15.841+0000","ddb98a6a-6cb5-44f5-95c9-29de6af18475","0e8389f1-21d4-4b4e-a889-70a3d6dd3fa2","","","","","","","","","","","","","","",""
"","37266006","psilorhynchus","Neocyttus psilorhynchus Yearsley & Last, 1998","OREOSOMATIDAE","Neocyttus","","psilorhynchus","","Valid Name","","Species","","Yearsley & Last","1998","Y","0b88bd02-bdec-460a-921f-8c87ec9d66e8","20130506T02:41:46.654+0000","4d4e8a94-47f8-4e9d-8b25-101a0ec2788d","20130506T04:26:12.282+0000","b98e2aaf-e363-4a9b-bd03-ad5f14fbe85c","4d4e8a94-47f8-4e9d-8b25-101a0ec2788d","","","","","","","","","","","","","","",""
"","37266001","rhomboidalis","Neocyttus rhomboidalis Gilchrist, 1906","OREOSOMATIDAE","Neocyttus","","rhomboidalis","","Valid Name","","Species","","Gilchrist","1906","Y","9cfb60cb-1c4a-410f-a64a-99a471980ab3","20130506T02:42:41.804+0000","04a69832-f979-4b05-aa28-8a1db09e7127","20140807T05:30:48.119+0000","b98e2aaf-e363-4a9b-bd03-ad5f14fbe85c","04a69832-f979-4b05-aa28-8a1db09e7127","","","","","","","","","","","","","","",""
"","37121001","macrolepidotus","Neoscopelus macrolepidotus Johnson, 1863","NEOSCOPELIDAE","Neoscopelus","","macrolepidotus","","Valid Name","","Species","","Johnson","1863","Y","fbe0af93-ef37-43d9-bf64-eeb12c7c1b0c","20081009T05:11:37.000+0000","311a4e20-b27c-4508-9646-5e45802ebe4b","20110729T05:54:13.376+0000","dada7931-dc35-4254-aa00-0a93f230349e","311a4e20-b27c-4508-9646-5e45802ebe4b","","","","","","","","","","","","","","",""
"","37232075","kapala","Nezumia kapala Iwamoto & Williams, 1999","MACROURIDAE","Nezumia","","kapala","","Valid Name","","Species","","Iwamoto & Williams","1999","Y","622bb84d-2170-4c6a-b736-27f16edc16c4","20180512T05:59:45.481+0000","38233fe8-d66f-4e9d-8861-a74eb6bf4e9d","20180731T05:42:43.637+0000","e63a288e-1b55-4f53-8437-ab433e00a75d","38233fe8-d66f-4e9d-8861-a74eb6bf4e9d","","","","","","","","","","","","","","",""
"","37232066","namatahi","Nezumia namatahi McCann & McKnight, 1980","MACROURIDAE","Nezumia","","namatahi","","Valid Name","","Species","","McCann & McKnight","1980","Y","a4d950ed-611f-4281-8e11-7f779f4a58b4","20180411T22:50:16.904+0000","35c72c24-e8b6-45ca-9b42-ec928a809053","20180731T05:42:43.637+0000","e63a288e-1b55-4f53-8437-ab433e00a75d","35c72c24-e8b6-45ca-9b42-ec928a809053","","","","","","","","","","","","","","",""
"","37232027","soela","Nezumia soela Iwamoto & Williams, 1999","MACROURIDAE","Nezumia","","soela","","Valid Name","","Species","","Iwamoto & Williams","1999","Y","ce355143-b1b3-4458-a6e5-d3b6071f3222","20180411T22:50:16.904+0000","a36c8a6b-fa16-4d91-a6b8-8147d63f5b7c","20180731T05:42:43.637+0000","e63a288e-1b55-4f53-8437-ab433e00a75d","a36c8a6b-fa16-4d91-a6b8-8147d63f5b7c","","","","","","","","","","","","","","",""
"","37115007","yahganorum","Normichthys yahganorum Lavenberg, 1965","PLATYTROCTIDAE","Normichthys","","yahganorum","","Valid Name","","Species","","Lavenberg","1965","Y","72c4b258-9cb6-49af-851f-7b76987b8ebc","20160523T00:06:44.378+0000","b3dbd121-9d88-4fe4-8660-044b13af68d3","20160606T05:32:28.811+0000","a8e52ed3-993c-401c-81d5-36c81bacb5f6","b3dbd121-9d88-4fe4-8660-044b13af68d3","","","","","","","","","","","","","","",""
"","37083001","sexspinis","Notacanthus sexspinis Richardson, 1846","NOTACANTHIDAE","Notacanthus","","sexspinis","","Valid Name","","Species","","Richardson","1846","Y","d6035fda-7112-4f49-88bc-60151b764523","20180228T03:58:49.101+0000","c336852a-56e2-4ffc-b34a-d2d4478db676","20190305T04:57:36.559+0000","4dc23194-24bd-4342-9673-9b7a966ec85d","c336852a-56e2-4ffc-b34a-d2d4478db676","","","","","","","","","","","","","","",""
"","37224007","marginata","Notophycis marginata (Günther, 1878)","MORIDAE","Notophycis","","marginata","","Valid Name","","Species","","Günther","1878","N","da3bac5b-45fe-4d3a-a3f5-64ecbd3990fe","20151019T01:59:42.126+0000","e9b608be-842d-4537-8e82-c3d723f880e3","20151125T23:15:40.328+0000","bb757725-2220-4a58-9de4-0e3079d782c2","e9b608be-842d-4537-8e82-c3d723f880e3","","","","","","","","","","","","","","",""
"","37279005","xenosoma","Notopogon xenosoma Regan, 1914","CENTRISCIDAE","Notopogon","","xenosoma","","Valid Name","","Species","","Regan","1914","Y","962f7187-9222-4dad-93e8-878b0c941791","20170501T10:25:31.066+0000","efaba2c1-066d-435e-9b62-2c2a727689af","20170727T04:24:54.431+0000","95938277-7d3c-4094-ba8c-aa8472abc54f","efaba2c1-066d-435e-9b62-2c2a727689af","","","","","","","","","","","","","","",""
"","37031018","azurea","Notoraja azurea McEachran & Last, 2008","ARHYNCHOBATIDAE","Notoraja","","azurea","","Valid Name","","Species","","McEachran & Last","2008","Y","401092b6-18c5-46e4-a304-1a6e66f277b3","20110421T09:20:51.697+0000","e5ed9816-db09-4e6e-b12d-a3954e8df85a","20120416T05:24:25.862+0000","9da5fba8-963e-4fd3-9cb7-8e9df782fa47","e5ed9816-db09-4e6e-b12d-a3954e8df85a","","","","","","","","","","","","","","",""
"","37122022","resplendens","Notoscopelus resplendens (Richardson, 1845)","MYCTOPHIDAE","Notoscopelus","","resplendens","","Valid Name","","Species","","Richardson","1845","N","ae6bcd58-0431-44b3-b3c3-74e660ba60fb","20081009T05:11:37.000+0000","9b35fd81-cfa1-46f1-b80b-3096038ba480","20100727T00:07:22.682+0000","20af1873-cec8-448e-b641-d637f270bbd5","9b35fd81-cfa1-46f1-b80b-3096038ba480","","","","","","","","","","","","","","",""
"","37232041","murrayi","Odontomacrurus murrayi Norman, 1939","MACROURIDAE","Odontomacrurus","","murrayi","","Valid Name","","Species","","Norman","1939","Y","d8699096-cd95-4fa1-86c9-130bb52fd478","20180411T22:50:16.904+0000","eeb8f32e-72fd-4d78-b2b7-2120c24613a2","20180731T05:42:43.637+0000","67a4106c-d8ce-4a2f-b4a7-9fb1d604ae9b","eeb8f32e-72fd-4d78-b2b7-2120c24613a2","","","","","","","","","","","","","","",""
"","37216010","eschrichtii","Oneirodes eschrichtii Lütken, 1871","ONEIRODIDAE","Oneirodes","","eschrichtii","","Valid Name","","Species","","Lütken","1871","Y","ffe430de-1c90-4667-b681-97f2e469d541","20150502T06:12:48.436+0000","c4cbb3a4-910d-49d3-b019-e48bcdb41800","20150625T00:28:50.961+0000","e2a52186-7465-45d1-b16c-194266f531de","c4cbb3a4-910d-49d3-b019-e48bcdb41800","","","","","","","","","","","","","","",""
"","37216003","kreffti","Oneirodes kreffti Pietsch, 1974","ONEIRODIDAE","Oneirodes","","kreffti","","Valid Name","","Species","","Pietsch","1974","Y","29cfa523-ec36-4cb2-99b7-5efc2f39c7b4","20150502T06:10:37.255+0000","be665ff7-d7e1-4b2f-8fb7-08219bde0294","20150625T00:28:50.961+0000","e2a52186-7465-45d1-b16c-194266f531de","be665ff7-d7e1-4b2f-8fb7-08219bde0294","","","","","","","","","","","","","","",""
"","37216004","sabex","Oneirodes sabex Pietsch & Seigel, 1980","ONEIRODIDAE","Oneirodes","","sabex","","Valid Name","","Species","","Pietsch & Seigel","1980","Y","ce78078b-0062-45d7-9d00-09e190e9f100","20150501T08:53:40.034+0000","e05ac24f-8bec-4742-9989-58bcf24dd914","20150625T00:28:50.961+0000","e2a52186-7465-45d1-b16c-194266f531de","e05ac24f-8bec-4742-9989-58bcf24dd914","","","","","","","","","","","","","","",""
"","37099001","grimaldii","Opisthoproctus grimaldii Zugmayer, 1911","OPISTHOPROCTIDAE","Opisthoproctus","","grimaldii","","Valid Name","","Species","","Zugmayer","1911","Y","cefc78ca-f6ba-4ad3-a163-11b542771b5c","20160523T00:06:44.378+0000","719885f2-a2d1-457e-a2dd-4eb6afb26d46","20160606T05:32:28.811+0000","9a4e9983-6894-4587-896e-0ed942f18d3a","719885f2-a2d1-457e-a2dd-4eb6afb26d46","","","","","","","","","","","","","","",""
"","37109028","micripnus","Opostomias micripnus (Günther, 1878)","STOMIIDAE","Opostomias","","micripnus","","Valid Name","","Species","","Günther","1878","N","2e39b432-8f5e-4e45-ba4d-7690335f8d61","20081009T05:11:37.000+0000","3d4ad1dc-b033-48d1-81cf-ad1a2cdde78c","20100727T00:03:17.157+0000","ca8de5ca-817b-4fba-bba5-7029a6dfb5fb","3d4ad1dc-b033-48d1-81cf-ad1a2cdde78c","","","","","","","","","","","","","","",""
"","37266002","atlanticum","Oreosoma atlanticum Cuvier, 1829","OREOSOMATIDAE","Oreosoma","","atlanticum","","Valid Name","","Species","","Cuvier","1829","Y","57db9493-2b83-4425-a51a-0fb1cc8f55ba","20130506T02:45:56.061+0000","770785db-7550-4606-a847-e46e36b23bc8","20130506T04:26:12.282+0000","db9ebabf-a20e-44c2-a195-ddd332cd2c4c","770785db-7550-4606-a847-e46e36b23bc8","","","","","","","","","","","","","","",""
"","37021001","bruniensis","Oxynotus bruniensis (Ogilby, 1893)","OXYNOTIDAE","Oxynotus","","bruniensis","","Valid Name","","Species","","Ogilby","1893","N","f07191e6-8188-4744-87c9-476b07a77b59","20110902T08:35:33.638+0000","984501ca-ec88-4dd3-947d-bc1b39d22b3e","20120416T05:24:25.862+0000","97d6c4a3-1454-4c55-9125-04b395b88fd7","984501ca-ec88-4dd3-947d-bc1b39d22b3e","","","","","","","","","","","","","","",""
"","37439005","antarcticus","Paradiplospinus antarcticus Andriashev, 1960","GEMPYLIDAE","Paradiplospinus","","antarcticus","","Valid Name","","Species","","Andriashev","1960","Y","bc837cf3-c4a8-4852-a939-9f13e2c77eb0","20130514T01:21:01.173+0000","5c4ca2f7-cc98-4317-838b-3c960ec22e97","20130515T07:04:51.027+0000","6c0852be-9712-433b-a555-1d09ff41af30","5c4ca2f7-cc98-4317-838b-3c960ec22e97","","","","","","","","","","","","","","",""
"","37307007","anthracinus","Paraliparis anthracinus Stein, Chernova & Andriashev, 2001","LIPARIDAE","Paraliparis","","anthracinus","","Valid Name","","Species","","Stein, Chernova & Andriashev","2001","Y","40e32c1b-e7b0-4601-a1ba-0b90dac6c697","20150429T07:02:28.783+0000","8b2baf00-ea74-4fb6-8f82-441ef35a6aff","20150505T21:35:04.768+0000","c5577b1e-db17-4ee5-acf7-7a0b23064790","8b2baf00-ea74-4fb6-8f82-441ef35a6aff","","","","","","","","","","","","","","",""
"","37307011","australiensis","Paraliparis australiensis Stein, Chernova & Andriashev, 2001","LIPARIDAE","Paraliparis","","australiensis","","Valid Name","","Species","","Stein, Chernova & Andriashev","2001","Y","6e80f51f-0a0f-49c7-bfc2-1b3d66ba4c6b","20150329T13:11:19.134+0000","7c5dcab6-f3ae-4663-8530-6395b1e027e1","20150505T21:35:04.768+0000","c5577b1e-db17-4ee5-acf7-7a0b23064790","7c5dcab6-f3ae-4663-8530-6395b1e027e1","","","","","","","","","","","","","","",""
"","37307016","coracinus","Paraliparis coracinus Stein, Chernova & Andriashev, 2001","LIPARIDAE","Paraliparis","","coracinus","","Valid Name","","Species","","Stein, Chernova & Andriashev","2001","Y","c66da671-6d96-4ade-9985-5b4aabaa35d0","20150329T13:16:32.297+0000","3a05e4e4-907b-4dcc-8b39-87ade75b92e6","20150505T21:35:04.768+0000","c5577b1e-db17-4ee5-acf7-7a0b23064790","3a05e4e4-907b-4dcc-8b39-87ade75b92e6","","","","","","","","","","","","","","",""
"","37307018","csiroi","Paraliparis csiroi Stein, Chernova & Andriashev, 2001","LIPARIDAE","Paraliparis","","csiroi","","Valid Name","","Species","","Stein, Chernova & Andriashev","2001","Y","9e4b1b35-bd1d-4113-8a32-f029b334a9a1","20150329T13:17:49.788+0000","d45f54e3-1b86-4446-833d-01426b2d8af8","20150505T21:35:04.768+0000","c5577b1e-db17-4ee5-acf7-7a0b23064790","d45f54e3-1b86-4446-833d-01426b2d8af8","","","","","","","","","","","","","","",""
"","37307025","infeliciter","Paraliparis infeliciter Stein, Chernova & Andriashev, 2001","LIPARIDAE","Paraliparis","","infeliciter","","Valid Name","","Species","","Stein, Chernova & Andriashev","2001","Y","90a48f11-d4db-4338-93ea-e5c403d53a3a","20150329T13:31:14.266+0000","b78e665a-dd5c-40bb-a7f3-0f7f5dcd5079","20150505T21:35:04.768+0000","c5577b1e-db17-4ee5-acf7-7a0b23064790","b78e665a-dd5c-40bb-a7f3-0f7f5dcd5079","","","","","","","","","","","","","","",""
"","37307031","retrodorsalis","Paraliparis retrodorsalis Stein, Chernova & Andriashev, 2001","LIPARIDAE","Paraliparis","","retrodorsalis","","Valid Name","","Species","","Stein, Chernova & Andriashev","2001","Y","52f496a2-b8e5-4ec4-806e-3a74b56ebb18","20150329T13:39:24.386+0000","882899ca-1203-492c-9e81-2a1f796af57d","20150505T21:35:04.768+0000","c5577b1e-db17-4ee5-acf7-7a0b23064790","882899ca-1203-492c-9e81-2a1f796af57d","","","","","","","","","","","","","","",""
"","37307032","tasmaniensis","Paraliparis tasmaniensis Stein, Chernova & Andriashev, 2001","LIPARIDAE","Paraliparis","","tasmaniensis","","Valid Name","","Species","","Stein, Chernova & Andriashev","2001","Y","c5a82a11-1a79-4d35-bebc-bb795cc67ad2","20150329T13:43:39.844+0000","c0429239-d502-489d-baae-821131d42c19","20150505T21:35:04.768+0000","c5577b1e-db17-4ee5-acf7-7a0b23064790","c0429239-d502-489d-baae-821131d42c19","","","","","","","","","","","","","","",""
"","37255003","macleayi","Paratrachichthys macleayi (Johnston, 1881)","TRACHICHTHYIDAE","Paratrachichthys","","macleayi","","Valid Name","","Species","","Johnston","1881","N","4c1e6083-c8bd-4952-9256-1d9e8dce3ae6","20151207T05:26:41.048+0000","f988ed20-3c37-46a8-b4c6-109419b3dd22","20160606T05:15:12.352+0000","5bbb62eb-b9b5-4849-a362-d7bee8bf5fd5","f988ed20-3c37-46a8-b4c6-109419b3dd22","","","","","","","","","","","","","","",""
"","37120008","melanostomus","Paraulopus melanostomus Sato, Gomon & Nakabo, 2010","PARAULOPIDAE","Paraulopus","","melanostomus","","Valid Name","","Species","","Sato, Gomon & Nakabo","2010","Y","cf9f215f-fe56-4091-9f29-051d44737b04","20160711T06:52:11.808+0000","6dbfbc01-d14b-4306-8fec-fc2de0fc0b56","20161222T00:27:39.419+0000","6dbd427a-b86f-4053-8f27-018407aa12a2","6dbfbc01-d14b-4306-8fec-fc2de0fc0b56","","","","","","","","","","","","","","",""
"","37120001","nigripinnis","Paraulopus nigripinnis (Günther, 1878)","PARAULOPIDAE","Paraulopus","","nigripinnis","","Valid Name","","Species","","Günther","1878","N","f80abcd2-e65e-4d21-9716-99d3de32e6f5","20160723T07:49:43.812+0000","e5e193ca-6119-4611-8989-d4cec4838af8","20161222T00:27:39.419+0000","6dbd427a-b86f-4053-8f27-018407aa12a2","e5e193ca-6119-4611-8989-d4cec4838af8","","","","","","","","","","","","","","",""
"","37031023","arenaria","Pavoraja arenaria Last, Mallick & Yearsley, 2008","ARHYNCHOBATIDAE","Pavoraja","","arenaria","","Valid Name","","Species","","Last, Mallick & Yearsley","2008","Y","ea1bd01d-10f9-4a62-b44c-9e2170f675a7","20120412T04:22:12.705+0000","9bde7443-e7c8-461b-af45-87aa366af284","20120416T05:24:25.862+0000","f318419d-2777-4151-8c7c-b4d1c86dcba7","9bde7443-e7c8-461b-af45-87aa366af284","","","","","","","","","","","","","","",""
"","37367004","decacanthus","Pentaceros decacanthus Günther, 1859","PENTACEROTIDAE","Pentaceros","","decacanthus","","Valid Name","","Species","","Günther","1859","Y","d574c4ad-5d96-422a-afcf-a4b1ca02e1c6","20140107T23:09:55.043+0000","5cc158cb-28b8-437d-8717-5ddbe1d37004","20140107T23:09:55.043+0000","d4288c70-5460-431a-906c-6a60dbf84270","5cc158cb-28b8-437d-8717-5ddbe1d37004","","","","","","","","","","","","","","",""
"","37115001","kopua","Persparsia kopua (Phillipps, 1942)","PLATYTROCTIDAE","Persparsia","","kopua","","Valid Name","","Species","","Phillipps","1942","N","55cc8736-cf62-421c-ac18-7ae40fe05716","20160523T00:06:44.378+0000","c04335a3-45c2-4322-b3fd-63862d6b8409","20160606T05:32:28.811+0000","61ad9edd-361f-403b-ba93-ec5de1e79c49","c04335a3-45c2-4322-b3fd-63862d6b8409","","","","","","","","","","","","","","",""
"","37106002","argenteus","Phosichthys argenteus (Hutton, 1872)","PHOSICHTHYIDAE","Phosichthys","","argenteus","","Valid Name","","Species","","Hutton","1872","N","d3661c2d-91d5-41ae-8684-b6e1e0d218d6","20081009T05:11:37.000+0000","dfffa955-e549-4f7f-924d-5a185a735a69","20100727T00:03:17.157+0000","38260c23-862b-4736-a17a-05c1b3754d8e","dfffa955-e549-4f7f-924d-5a185a735a69","","","","","","","","","","","","","","",""
"","37224012","luminosa","Physiculus luminosa Paulin, 1983","MORIDAE","Physiculus","","luminosa","","Valid Name","","Species","","Paulin","1983","Y","e13e2e1e-0110-472f-92d4-9735e5ea8737","20151123T07:15:04.559+0000","82209ab2-eecf-4cbe-bcab-2604c527d253","20151125T23:15:40.328+0000","a89a8de2-2972-4b62-82bb-eec14e2e147f","82209ab2-eecf-4cbe-bcab-2604c527d253","","","","","","","","","","","","","","",""
"","37345002","macrolepis","Plagiogeneion macrolepis McCulloch, 1914","EMMELICHTHYIDAE","Plagiogeneion","","macrolepis","","Valid Name","","Species","","McCulloch","1914","Y","f37fea3b-2b18-4286-a838-26f2cc3c9a6d","20131008T23:07:52.756+0000","6a456682-76f7-48fc-b1d7-cd0084b38fff","20131008T23:07:52.756+0000","f3ff22e1-7a12-4654-a4a4-764a34d458fa","6a456682-76f7-48fc-b1d7-cd0084b38fff","","","","","","","","","","","","","","",""
"","37343005","andriashevi","Platyberyx andriashevi (Kukuev, Parin & Trunov, 2012)","CARISTIIDAE","Platyberyx","","andriashevi","","Valid Name","","Species","","Kukuev, Parin & Trunov","2012","N","e22953af-1f07-432c-b260-3f777b70ef22","20140718T05:47:13.424+0000","aa55bfeb-4144-4233-b78a-681fdfd4d735","20140721T02:05:15.841+0000","b8723b0f-ddf6-4ade-b396-8a13b439a933","aa55bfeb-4144-4233-b78a-681fdfd4d735","","","","","","","","","","","","","","",""
"","37296002","conatus","Platycephalus conatus Waite & McCulloch, 1915","PLATYCEPHALIDAE","Platycephalus","","conatus","","Valid Name","","Species","","Waite & McCulloch","1915","Y","452a6df9-260b-4f76-bbac-ce80d187c91d","20150422T06:48:14.542+0000","e3f3a227-c771-43e8-b66a-599d3eba64a6","20150505T21:35:04.768+0000","c5353f28-ba05-4368-8aeb-e738fac64f06","e3f3a227-c771-43e8-b66a-599d3eba64a6","","","","","","","","","","","","","","",""
"","37400005","pseudodorsalis","Pleuroscopus pseudodorsalis Barnard, 1927","URANOSCOPIDAE","Pleuroscopus","","pseudodorsalis","","Valid Name","","Species","","Barnard","1927","Y","3b07d066-6133-47b0-be08-036687478628","20150928T07:03:23.198+0000","5448b479-f48e-40f0-b8e3-361b4ec4f5f0","20151008T04:00:06.190+0000","005c7e7e-ccf2-4424-b135-1eda4bc6b650","5448b479-f48e-40f0-b8e3-361b4ec4f5f0","","","","","","","","","","","","","","",""
"","37107003","tridentifer","Polyipnus tridentifer McCulloch, 1914","STERNOPTYCHIDAE","Polyipnus","","tridentifer","","Valid Name","","Species","","McCulloch","1914","Y","11ecfc56-47b3-4d36-9264-f9fda1fb90bc","20081009T05:11:37.000+0000","187641a5-31c3-4f31-9a55-20bae7b4083f","20100727T00:03:17.157+0000","4e17c736-7bc6-4aab-907c-0390cc53b2a4","187641a5-31c3-4f31-9a55-20bae7b4083f","","","","","","","","","","","","","","",""
"","37106027","illustris","Polymetme illustris McCulloch, 1926","PHOSICHTHYIDAE","Polymetme","","illustris","","Valid Name","","Species","","McCulloch","1926","Y","baf16464-de3f-4933-92a1-55f6569eee19","20081009T05:11:37.000+0000","f7d4c910-9d95-414e-ab4a-9393bdfd7fbb","20100727T00:03:17.157+0000","7725b2d2-3de6-464f-8083-3692ee76a39d","f7d4c910-9d95-414e-ab4a-9393bdfd7fbb","","","","","","","","","","","","","","",""
"","37311006","oxygeneios","Polyprion oxygeneios (Forster, 1801)","POLYPRIONIDAE","Polyprion","","oxygeneios","","Valid Name","","Species","","Forster","1801","N","69555317-42e3-4114-a853-0749b88bd23f","20120508T08:02:31.957+0000","24f941d4-b7d5-4e0b-9d48-c4cf63cad61b","20131121T06:32:08.551+0000","04ddb439-d622-4224-9b53-ad49a3faec9b","24f941d4-b7d5-4e0b-9d48-c4cf63cad61b","","","","","","","","","","","","","","",""
"","37018004","glauca","Prionace glauca (Linnaeus, 1758)","CARCHARHINIDAE","Prionace","","glauca","","Valid Name","","Species","","Linnaeus","1758","N","b2a2df76-061b-47d6-b7bd-fd923b8f3099","20140313T03:41:28.159+0000","e1381d2e-f1a1-4cc5-b29e-1a5c8454889f","20140313T03:41:28.159+0000","03c50459-6b82-4aba-b833-6563887ae605","e1381d2e-f1a1-4cc5-b29e-1a5c8454889f","","","","","","","","","","","","","","",""
"","37023002","cirratus","Pristiophorus cirratus (Latham, 1794)","PRISTIOPHORIDAE","Pristiophorus","","cirratus","","Valid Name","","Species","","Latham","1794","N","de89b1c9-8986-432f-81eb-d54415b7b6cf","20140313T03:41:28.159+0000","996cd52c-03c8-4202-867e-34932325af23","20140313T03:41:28.159+0000","3490c576-800a-419c-bc6c-20985722a87f","996cd52c-03c8-4202-867e-34932325af23","","","","","","","","","","","","","","",""
"","37020013","plunketi","Proscymnodon plunketi (Waite, 1910)","SOMNIOSIDAE","Proscymnodon","","plunketi","","Valid Name","","Species","","Waite","1910","N","822c1859-fe68-455d-988b-beac883bd9ab","20110902T05:07:30.830+0000","d406a745-1d8d-43e8-8628-7ba7900f3c33","20120416T05:24:25.862+0000","33d07013-1b8d-4079-89eb-59a905f9ae81","d406a745-1d8d-43e8-8628-7ba7900f3c33","","","","","","","","","","","","","","",""
"","37122067","normani","Protomyctophum normani (Tåning, 1932)","MYCTOPHIDAE","Protomyctophum","","normani","","Valid Name","","Species","","Tåning","1932","N","0b4d1965-acd8-4a92-bc21-e363e79ad577","20081009T05:11:37.000+0000","01cf0352-90a6-4bd3-b8d7-c15d65eb0280","20100727T00:07:22.682+0000","467c869f-fdda-4766-b770-1d37716bf17e","01cf0352-90a6-4bd3-b8d7-c15d65eb0280","","","","","","","","","","","","","","",""
"","37122102","parallelum","Protomyctophum parallelum (Lönnberg, 1905)","MYCTOPHIDAE","Protomyctophum","","parallelum","","Valid Name","","Species","","Lönnberg","1905","N","c8e68026-31cb-47b6-8e6e-dab4f029833c","20081009T05:11:37.000+0000","005eb58b-f702-4ffd-a776-2ea12374e3b5","20140219T23:08:22.375+0000","467c869f-fdda-4766-b770-1d37716bf17e","005eb58b-f702-4ffd-a776-2ea12374e3b5","","","","","","","","","","","","","","",""
"","37122068","subparallelum","Protomyctophum subparallelum (Tåning, 1932)","MYCTOPHIDAE","Protomyctophum","","subparallelum","","Valid Name","","Species","","Tåning","1932","N","f38d2162-63b4-4b0c-8f9f-b256f4dd3d99","20081009T05:11:37.000+0000","089d983f-378d-4356-9c8b-51ce0b47955f","20100727T00:07:22.682+0000","467c869f-fdda-4766-b770-1d37716bf17e","089d983f-378d-4356-9c8b-51ce0b47955f","","","","","","","","","","","","","","",""
"","37446001","pellucidus","Psenes pellucidus Lütken, 1880","NOMEIDAE","Psenes","","pellucidus","","Valid Name","","Species","","Lütken","1880","Y","7e6a962e-14e4-4b8b-89e4-304a72efb57e","20131008T23:07:52.756+0000","e1bd7db0-11d6-414f-9a7e-11d16b177dc6","20131009T04:23:12.967+0000","056a81af-0aff-4adf-b0a7-d575a96793e1","e1bd7db0-11d6-414f-9a7e-11d16b177dc6","","","","","","","","","","","","","","",""
"","37266003","maculatus","Pseudocyttus maculatus Gilchrist, 1906","OREOSOMATIDAE","Pseudocyttus","","maculatus","","Valid Name","","Species","","Gilchrist","1906","Y","5bdb6c83-cd79-433d-ae62-91b3b2c2980e","20130506T02:50:34.995+0000","10d2dffe-10a2-4d58-a3aa-0119654d6f13","20130506T04:26:12.282+0000","7480a10f-199c-436e-977b-61e7a8a87fd0","10d2dffe-10a2-4d58-a3aa-0119654d6f13","","","","","","","","","","","","","","",""
"","37305001","marcidus","Psychrolutes marcidus (McCulloch, 1926)","PSYCHROLUTIDAE","Psychrolutes","","marcidus","","Valid Name","","Species","","McCulloch","1926","N","ab715afe-cdbd-409b-8be7-5312bdee2f8c","20150421T08:15:03.532+0000","d81ebbc4-fb09-4a72-afac-55a04b7305a1","20150505T21:35:04.768+0000","4728a114-3a8a-4572-88ad-980659dfe51a","d81ebbc4-fb09-4a72-afac-55a04b7305a1","","","","","","","","","","","","","","",""
"","37035010","violacea","Pteroplatytrygon violacea (Bonaparte, 1832)","DASYATIDAE","Pteroplatytrygon","","violacea","","Valid Name","","Species","","Bonaparte","1832","N","c5145e39-94da-4e31-a96b-10727718476b","20180530T05:50:00.625+0000","c59a19c3-0ce4-4076-8473-06ce96a3cbc0","20180731T05:40:10.818+0000","6a912863-8f07-495f-af0f-7b7781ef0660","c59a19c3-0ce4-4076-8473-06ce96a3cbc0","","","","","","","","","","","","","","",""
"","37031040","challengeri","Rajella challengeri Last & Stehmann, 2008","RAJIDAE","Rajella","","challengeri","","Valid Name","","Species","","Last & Stehmann","2008","Y","8d45d336-fa0a-498e-92d6-4bd36e6710f1","20180417T05:37:50.616+0000","ad7275a0-fb2f-477e-93c2-9202605c75ce","20180731T05:52:26.165+0000","59f0ef92-01c4-4b65-af97-b737d3c818da","ad7275a0-fb2f-477e-93c2-9202605c75ce","","","","","","","","","","","","","","",""
"","37470004","laevis","Ranzania laevis (Pennant, 1776)","MOLIDAE","Ranzania","","laevis","","Valid Name","","Species","","Pennant","1776","N","7891e711-f0d1-4ca8-9c88-6beb205ec588","20140428T04:53:16.496+0000","322a6a9e-3242-4906-8cfb-bdf29d628f6e","20140429T04:00:17.360+0000","1322b187-b4ef-4e02-bb16-170777a94bf6","322a6a9e-3242-4906-8cfb-bdf29d628f6e","","","","","","","","","","","","","","",""
"","37272002","glesne","Regalecus glesne Ascanius, 1772","REGALECIDAE","Regalecus","","glesne","","Valid Name","","Species","","Ascanius","1772","Y","3c18da50-ec32-4a1d-9e9a-bac66acd75b1","20180628T10:29:12.629+0000","2fc47d4a-b5bd-4080-9f3a-f2f7b5e7aa0e","20180731T05:33:35.120+0000","b90eb4ac-852d-4dc6-bc98-187212d96786","2fc47d4a-b5bd-4080-9f3a-f2f7b5e7aa0e","","","","","","","","","","","","","","",""
"","37336002","remora","Remora remora (Linnaeus, 1758)","ECHENEIDAE","Remora","","remora","","Valid Name","","Species","","Linnaeus","1758","N","3e3529c4-89d8-46f8-8522-14a3373da9e4","20120112T06:52:41.969+0000","b36f3f42-e0e2-4d27-af5b-1165cdeb1263","20121205T05:13:45.011+0000","e049c468-4f4c-43c7-9bd6-fa3dc7e553e8","b36f3f42-e0e2-4d27-af5b-1165cdeb1263","","","","","","","","","","","","","","",""
"","37439002","solandri","Rexea solandri (Cuvier, 1832)","GEMPYLIDAE","Rexea","","solandri","","Valid Name","","Species","","Cuvier","1832","N","df5d8aaf-4a60-4db0-98b8-b41413d0dd75","20131008T23:07:52.756+0000","75d130e6-c6bf-4d94-9f64-7552ce04b783","20131008T23:07:52.756+0000","27d89560-4c67-4480-a80d-5014cb6294dc","75d130e6-c6bf-4d94-9f64-7552ce04b783","","","","","","","","","","","","","","",""
"","37014001","typus","Rhincodon typus Smith, 1828","RHINCODONTIDAE","Rhincodon","","typus","","Valid Name","","Species","","Smith","1828","Y","53ddbeab-d46e-4ac9-ba6d-22a604350d4d","20130820T04:16:42.325+0000","8de73d05-82cb-480c-a921-19461e178add","20130820T04:16:42.325+0000","abb0dda0-b423-4338-ad4c-79f962ac4866","8de73d05-82cb-480c-a921-19461e178add","","","","","","","","","","","","","","",""
"","37044002","pacifica","Rhinochimaera pacifica (Mitsukuri, 1895)","RHINOCHIMAERIDAE","Rhinochimaera","","pacifica","","Valid Name","","Species","","Mitsukuri","1895","N","489859df-5684-4479-9703-303f6f25c5b5","20111023T06:49:39.284+0000","f800d486-836a-48f7-ac0d-bce970de9fbb","20140219T04:52:29.563+0000","b39b31aa-18a5-413e-b740-da67f2c0e9ae","f800d486-836a-48f7-ac0d-bce970de9fbb","","","","","","","","","","","","","","",""
"","37114008","attrita","Rouleina attrita (Vaillant, 1888)","ALEPOCEPHALIDAE","Rouleina","","attrita","","Valid Name","","Species","","Vaillant","1888","N","e139eadc-bdc3-4c1d-9652-337d5d941e0b","20160523T00:06:44.378+0000","d1af4182-ff81-4c72-8bf1-1656c78ea5d2","20160606T05:32:28.811+0000","74b5916a-6905-4092-918f-f343e4a63f1c","d1af4182-ff81-4c72-8bf1-1656c78ea5d2","","","","","","","","","","","","","","",""
"","37114023","eucla","Rouleina eucla Whitley, 1940","ALEPOCEPHALIDAE","Rouleina","","eucla","","Valid Name","","Species","","Whitley","1940","Y","c30c3436-c52e-4854-a840-cff3f53dbf00","20160523T00:06:44.378+0000","f5f3b605-3665-48ec-905d-49f6448da459","20160606T05:32:28.811+0000","74b5916a-6905-4092-918f-f343e4a63f1c","f5f3b605-3665-48ec-905d-49f6448da459","","","","","","","","","","","","","","",""
"","37114024","guentheri","Rouleina guentheri (Alcock, 1892)","ALEPOCEPHALIDAE","Rouleina","","guentheri","","Valid Name","","Species","","Alcock","1892","N","ad324f7f-c0c7-4ca1-8465-caf3790947ec","20160523T00:06:44.378+0000","2a311834-af4f-411f-85bc-2e04269b19d4","20160606T05:32:28.811+0000","74b5916a-6905-4092-918f-f343e4a63f1c","2a311834-af4f-411f-85bc-2e04269b19d4","","","","","","","","","","","","","","",""
"","37439003","pretiosus","Ruvettus pretiosus Cocco, 1833","GEMPYLIDAE","Ruvettus","","pretiosus","","Valid Name","","Species","","Cocco","1833","Y","ed86cd92-0d80-4643-a181-adde4222d195","20131008T23:07:52.756+0000","bafc5a30-0f60-4dc7-aa18-ed0189fc12c9","20131008T23:07:52.756+0000","ce1de2f6-498f-4e37-953a-11ef8b94f015","bafc5a30-0f60-4dc7-aa18-ed0189fc12c9","","","","","","","","","","","","","","",""
"","37445003","huttoni","Schedophilus huttoni (Waite, 1910)","CENTROLOPHIDAE","Schedophilus","","huttoni","","Valid Name","","Species","","Waite","1910","N","836578dc-d36e-42f6-bc8e-882d878aae18","20131008T23:07:52.756+0000","adda483a-92aa-40b9-a53b-5ad9f8a90f76","20131008T23:07:52.756+0000","aa6cb23b-f1a9-427a-b4eb-f3ee8e2d7bb3","adda483a-92aa-40b9-a53b-5ad9f8a90f76","","","","","","","","","","","","","","",""
"","37068054","castlei","Scolecenchelys castlei McCosker, 2006","OPHICHTHIDAE","Scolecenchelys","","castlei","","Valid Name","","Species","","McCosker","2006","Y","17b0edf6-b29f-476a-bc53-c01dae748d71","20180815T03:57:32.440+0000","5e53d5a9-261f-4454-b91c-ee15d7c70449","20190305T04:57:36.559+0000","7eae5122-32c4-42b8-aed9-9628503ab229","5e53d5a9-261f-4454-b91c-ee15d7c70449","","","","","","","","","","","","","","",""
"","37441001","australasicus","Scomber australasicus Cuvier, 1832","SCOMBRIDAE","Scomber","","australasicus","","Valid Name","","Species","","Cuvier","1832","Y","90f00aab-76ee-48d7-beb8-4d2a7201efdc","20131008T23:07:52.756+0000","b62fba79-345d-4180-863f-543aa851b22f","20131008T23:07:52.756+0000","b0655460-960e-4a63-ba67-4a52fb058633","b62fba79-345d-4180-863f-543aa851b22f","","","","","","","","","","","","","","",""
"","37236001","saurus","Scomberesox saurus (Walbaum, 1792)","SCOMBERESOCIDAE","Scomberesox","","saurus","","Valid Name","","Species","","Walbaum","1792","N","53dfb31a-8afd-4ac1-82c7-d3f22d438edf","20170426T07:20:00.697+0000","a4e46ea5-cf1c-4aab-9206-f67e78d02726","20180329T02:08:16.158+0000","6b4814d1-cb27-4cb0-9fe4-438bc05bcdd9","a4e46ea5-cf1c-4aab-9206-f67e78d02726","","","","","","","","","","","","","","",""
"","37251001","microlepis","Scopeloberyx microlepis (Norman, 1937)","MELAMPHAIDAE","Scopeloberyx","","microlepis","","Valid Name","","Species","","Norman","1937","N","8460649c-f300-4f64-bd78-fe1eb8324335","20081009T05:11:37.000+0000","87544972-e78b-4008-b38c-b275d68e826d","20100727T00:17:56.369+0000","1a7ad96a-eff5-4486-a42d-3158d1f9d9f3","87544972-e78b-4008-b38c-b275d68e826d","","","","","","","","","","","","","","",""
"","37020052","sherwoodi","Scymnodalatias sherwoodi (Archey, 1921)","SOMNIOSIDAE","Scymnodalatias","","sherwoodi","","Valid Name","","Species","","Archey","1921","N","380c7a67-2d79-4e92-b5c3-c794fd6f61d0","20110218T01:51:42.612+0000","a1905313-2cea-4a5b-95c2-15acb1ba5816","20120416T05:24:25.862+0000","ca0834f7-e751-4b6d-b51a-016de5d6c6b4","a1905313-2cea-4a5b-95c2-15acb1ba5816","","","","","","","","","","","","","","",""
"","37445005","brama","Seriolella brama (Günther, 1860)","CENTROLOPHIDAE","Seriolella","","brama","","Valid Name","","Species","","Günther","1860","N","253488cb-1148-4926-9554-10948ac954df","20131008T23:07:52.756+0000","88398d84-527f-4095-bf73-138fed671907","20131008T23:07:52.756+0000","89a52dc8-aea1-41ce-b01d-3eef057fd7d4","88398d84-527f-4095-bf73-138fed671907","","","","","","","","","","","","","","",""
"","37445011","caerulea","Seriolella caerulea Guichenot, 1848","CENTROLOPHIDAE","Seriolella","","caerulea","","Valid Name","","Species","","Guichenot","1848","Y","1c6e2d38-5c1d-4654-a2de-fb7056f60294","20131008T23:07:52.756+0000","12e602c9-4776-4f10-bd68-9616b39ef348","20131008T23:07:52.756+0000","89a52dc8-aea1-41ce-b01d-3eef057fd7d4","12e602c9-4776-4f10-bd68-9616b39ef348","","","","","","","","","","","","","","",""
"","37445006","punctata","Seriolella punctata (Forster, 1801)","CENTROLOPHIDAE","Seriolella","","punctata","","Valid Name","","Species","","Forster","1801","N","91c6543f-cdba-4a04-911b-02ee62ffcd47","20131008T23:07:52.756+0000","058e3d6d-32ac-4119-82be-9b3ce94702ee","20131008T23:07:52.756+0000","89a52dc8-aea1-41ce-b01d-3eef057fd7d4","058e3d6d-32ac-4119-82be-9b3ce94702ee","","","","","","","","","","","","","","",""
"","37075001","beanii","Serrivomer beanii Gill & Ryder, 1883","SERRIVOMERIDAE","Serrivomer","","beanii","","Valid Name","","Species","","Gill & Ryder","1883","Y","24e23886-4044-4060-9810-ed65433da8d2","20180730T03:39:22.482+0000","f53225e1-5d44-4823-98d1-0634fd507068","20190305T04:57:36.559+0000","407cad77-dcc4-4373-a970-d0fb1b820df6","f53225e1-5d44-4823-98d1-0634fd507068","","","","","","","","","","","","","","",""
"","37106020","bathyphilus","Sigmops bathyphilus (Vaillant, 1884)","GONOSTOMATIDAE","Sigmops","","bathyphilus","","Valid Name","","Species","","Vaillant","1884","N","6ac42952-5454-4973-ac16-9b78d4cca374","20081009T05:11:37.000+0000","de6ebbab-ed95-414d-a84b-e4d156001517","20100727T00:03:17.157+0000","ecab2018-3592-40e0-aaf5-d7f1a1bd251b","de6ebbab-ed95-414d-a84b-e4d156001517","","","","","","","","","","","","","","",""
"","37106004","elongatus","Sigmops elongatus (Günther, 1878)","GONOSTOMATIDAE","Sigmops","","elongatus","","Valid Name","","Species","","Günther","1878","N","98178d00-cdee-4c16-975c-2eaed36a2b9b","20081009T05:11:37.000+0000","d2752be5-566c-4ec5-a801-ac56e7dfd544","20100727T00:03:17.157+0000","ecab2018-3592-40e0-aaf5-d7f1a1bd251b","d2752be5-566c-4ec5-a801-ac56e7dfd544","","","","","","","","","","","","","","",""
"","37070005","parasitica","Simenchelys parasitica Gill, 1879","SYNAPHOBRANCHIDAE","Simenchelys","","parasitica","","Valid Name","","Species","","Gill","1879","Y","524488a8-9973-4ef7-a655-4570b85995a8","20180730T23:56:34.042+0000","503c83d1-15e2-40a8-901e-6c7f67b4df18","20190305T04:57:36.559+0000","8dc7d1a1-03bf-4d27-88bc-ed8bbfa060a7","503c83d1-15e2-40a8-901e-6c7f67b4df18","","","","","","","","","","","","","","",""
"","37020048","chloroculus","Squalus chloroculus Last, White & Motomura, 2007","SQUALIDAE","Squalus","","chloroculus","","Valid Name","","Species","","Last, White & Motomura","2007","Y","1c6806f5-d335-4674-98e8-f08a14e3a71d","20120305T01:12:48.750+0000","f2de1e24-f367-4a20-a44b-31b26c6e6108","20120416T05:24:25.862+0000","559d82ca-9762-44c1-9ecc-be689522ef06","f2de1e24-f367-4a20-a44b-31b26c6e6108","","","","","","","","","","","","","","",""
"","37020006","megalops","Squalus megalops (Macleay, 1881)","SQUALIDAE","Squalus","","megalops","","Valid Name","","Species","","Macleay","1881","N","02452ba1-a33a-458f-822e-1a314e18d18d","20110903T09:31:56.747+0000","28dde6f9-cece-4251-bbaa-e6cccf40062f","20151001T00:29:14.702+0000","559d82ca-9762-44c1-9ecc-be689522ef06","28dde6f9-cece-4251-bbaa-e6cccf40062f","","","","","","","","","","","","","","",""
"","37107018","pseudodiaphana","Sternoptyx pseudodiaphana Borodulina, 1977","STERNOPTYCHIDAE","Sternoptyx","","pseudodiaphana","","Valid Name","","Species","","Borodulina","1977","Y","59917d08-1bef-413c-8417-dc5bde95e150","20081009T05:11:37.000+0000","89f58642-7e02-47a4-8034-7b587e566f78","20100727T00:03:17.157+0000","21e9f843-94b8-480a-8e8f-80aa75f944c6","89f58642-7e02-47a4-8034-7b587e566f78","","","","","","","","","","","","","","",""
"","37112002","boa","Stomias boa (Risso, 1810)","STOMIIDAE","Stomias","","boa","","Valid Name","","Species","","Risso","1810","N","4fb1bb4e-fb51-4358-8b05-3c82fcdf4335","20081009T05:11:37.000+0000","916bc817-5bda-48d5-9a19-f3da1f4f366e","20100727T00:03:17.157+0000","0c3375ef-e5fd-4054-a526-1f1b1a34c5e6","916bc817-5bda-48d5-9a19-f3da1f4f366e","","","","","","","","","","","","","","",""
"","37122007","barnardi","Symbolophorus barnardi (Tåning, 1932)","MYCTOPHIDAE","Symbolophorus","","barnardi","","Valid Name","","Species","","Tåning","1932","N","4cbdf241-9467-44e2-a3c1-7c80bfd4a631","20081009T05:11:37.000+0000","1c94df42-b106-46d0-ab94-e151cc734e0f","20100727T00:07:22.682+0000","5e2c9070-faea-4139-b5a9-b05f3df0af4c","1c94df42-b106-46d0-ab94-e151cc734e0f","","","","","","","","","","","","","","",""
"","37122103","boops","Symbolophorus boops (Richardson, 1845)","MYCTOPHIDAE","Symbolophorus","","boops","","Valid Name","","Species","","Richardson","1845","N","d788f37e-06f1-4e4a-9051-a135269d2ebf","20081009T05:11:37.000+0000","bd987c9d-47d7-4ba8-b02f-7107b0418453","20100727T00:07:22.682+0000","5e2c9070-faea-4139-b5a9-b05f3df0af4c","bd987c9d-47d7-4ba8-b02f-7107b0418453","","","","","","","","","","","","","","",""
"","37122059","evermanni","Symbolophorus evermanni (Gilbert, 1905)","MYCTOPHIDAE","Symbolophorus","","evermanni","","Valid Name","","Species","","Gilbert","1905","N","13fb342e-025d-482d-91ec-d88c0cba5b54","20081009T05:11:37.000+0000","40369825-64b8-4731-92c3-23599c446cee","20100727T00:07:22.682+0000","5e2c9070-faea-4139-b5a9-b05f3df0af4c","40369825-64b8-4731-92c3-23599c446cee","","","","","","","","","","","","","","",""
"","37070003","affinis","Synaphobranchus affinis Günther, 1877","SYNAPHOBRANCHIDAE","Synaphobranchus","","affinis","","Valid Name","","Species","","Günther","1877","Y","c826d309-4bac-4870-80b0-f98e00345039","20181001T10:46:23.658+0000","c343b968-7f25-4f96-9947-677d015fdd19","20190305T04:57:36.559+0000","16e833a8-62f3-43de-b36c-b91b1445eff3","c343b968-7f25-4f96-9947-677d015fdd19","","","","","","","","","","","","","","",""
"","37070004","brevidorsalis","Synaphobranchus brevidorsalis Günther, 1887","SYNAPHOBRANCHIDAE","Synaphobranchus","","brevidorsalis","","Valid Name","","Species","","Günther","1887","Y","eb895a4d-7e48-48e4-9c78-9ebbfc45f699","20181001T10:46:43.588+0000","55ed2d92-a12e-425b-9c3c-e34f0749250a","20190305T04:57:36.559+0000","16e833a8-62f3-43de-b36c-b91b1445eff3","55ed2d92-a12e-425b-9c3c-e34f0749250a","","","","","","","","","","","","","","",""
"","37070009","oregoni","Synaphobranchus oregoni Castle, 1960","SYNAPHOBRANCHIDAE","Synaphobranchus","","oregoni","","Valid Name","","Species","","Castle","1960","Y","6f82b5ff-9737-4fde-be13-212222858db6","20180811T06:06:32.506+0000","cbe1fc08-bb7e-4d2a-ae17-4330fa16a1fe","20190305T04:57:36.559+0000","16e833a8-62f3-43de-b36c-b91b1445eff3","cbe1fc08-bb7e-4d2a-ae17-4330fa16a1fe","","","","","","","","","","","","","","",""
"","37114012","longifilis","Talismania longifilis (Brauer, 1902)","ALEPOCEPHALIDAE","Talismania","","longifilis","","Valid Name","","Species","","Brauer","1902","N","4bf4d06f-e73c-4e2c-9f3c-0b81440f5eaf","20160523T00:06:44.378+0000","df459893-fad9-454d-982a-6cdfbf3ba228","20160606T05:32:28.811+0000","b5ae0c82-4832-4fc7-bffc-4b1814098c3c","df459893-fad9-454d-982a-6cdfbf3ba228","","","","","","","","","","","","","","",""
"","37449001","cuvieri","Tetragonurus cuvieri Risso, 1810","TETRAGONURIDAE","Tetragonurus","","cuvieri","","Valid Name","","Species","","Risso","1810","Y","3a8c48e8-7d24-4709-8fce-3b7a758fac91","20131008T23:07:52.756+0000","3eb91260-681b-4230-93e9-5dcf41400c91","20131008T23:07:52.756+0000","59bf3e59-8d78-4085-8d06-b61dc0afb757","3eb91260-681b-4230-93e9-5dcf41400c91","","","","","","","","","","","","","","",""
"","37441005","alalunga","Thunnus alalunga (Bonnaterre, 1788)","SCOMBRIDAE","Thunnus","","alalunga","","Valid Name","","Species","","Bonnaterre","1788","N","6b39df1a-af8d-4495-aa09-08f488a2eeb2","20131008T23:07:52.756+0000","819ac5a3-58da-4640-8645-a6a506bb356f","20140711T01:38:15.891+0000","9c2be46d-14bb-4fb7-bb12-6619f287506b","819ac5a3-58da-4640-8645-a6a506bb356f","","","","","","","","","","","","","","",""
"","37441004","maccoyii","Thunnus maccoyii (Castelnau, 1872)","SCOMBRIDAE","Thunnus","","maccoyii","","Valid Name","","Species","","Castelnau","1872","N","268b6b31-cf0d-4622-befa-e3dee731b852","20131008T23:07:52.756+0000","dd2d7fa7-6c4b-4e46-944d-bf855192735d","20131008T23:07:52.756+0000","9c2be46d-14bb-4fb7-bb12-6619f287506b","dd2d7fa7-6c4b-4e46-944d-bf855192735d","","","","","","","","","","","","","","",""
"","37439001","atun","Thyrsites atun (Euphrasén, 1791)","GEMPYLIDAE","Thyrsites","","atun","","Valid Name","","Species","","Euphrasén","1791","N","28bd4165-f2e1-42f6-a4bb-ab54ff69fa74","20131008T23:07:52.756+0000","bcbc2537-3276-41c4-996d-7e27b2d55929","20131008T23:07:52.756+0000","e4a14c92-90f4-4daa-ae42-baa01f4f24cd","bcbc2537-3276-41c4-996d-7e27b2d55929","","","","","","","","","","","","","","",""
"","37028003","macneilli","Torpedo macneilli (Whitley, 1932)","TORPEDINIDAE","Torpedo","","macneilli","","Valid Name","","Species","","Whitley","1932","N","a058ffc8-9c04-4109-af8f-fd6780e7d83b","20120405T04:11:39.204+0000","3222a8d1-14a3-49cc-a1a7-f64528c130b7","20140806T00:51:10.888+0000","f4b3c01b-4ab8-4593-a617-86e1c1bb4b1d","3222a8d1-14a3-49cc-a1a7-f64528c130b7","","","","","","","","","","","","","","",""
"","37232076","gagates","Trachonurus gagates Iwamoto & McMillan, 1997","MACROURIDAE","Trachonurus","","gagates","","Valid Name","","Species","","Iwamoto & McMillan","1997","Y","1f9b8de2-1b43-474a-9a12-da7cf20c2dfb","20180516T06:25:43.423+0000","6aa4ad27-f9e5-4374-8b56-4b27fbd1ef52","20180731T05:42:43.637+0000","fe61d9d5-cde1-4ffd-bb31-9d94dd74c371","6aa4ad27-f9e5-4374-8b56-4b27fbd1ef52","","","","","","","","","","","","","","",""
"","37232092","sentipellis","Trachonurus sentipellis Gilbert & Cramer, 1897","MACROURIDAE","Trachonurus","","sentipellis","","Valid Name","","Species","","Gilbert & Cramer","1897","Y","d45f0582-f583-4efd-878c-542b33051161","20180411T22:50:16.904+0000","37113fb9-0d5c-4219-bbc0-94cfc74c28c9","20180731T05:42:43.637+0000","fe61d9d5-cde1-4ffd-bb31-9d94dd74c371","37113fb9-0d5c-4219-bbc0-94cfc74c28c9","","","","","","","","","","","","","","",""
"","37232093","yiwardaus","Trachonurus yiwardaus Iwamoto & Williams, 1999","MACROURIDAE","Trachonurus","","yiwardaus","","Valid Name","","Species","","Iwamoto & Williams","1999","Y","22d36dd0-b628-44f6-9c15-a26783312bae","20180411T22:50:16.904+0000","c98c8517-508f-4203-b8ff-faf9cfb339c2","20180731T05:42:43.637+0000","fe61d9d5-cde1-4ffd-bb31-9d94dd74c371","c98c8517-508f-4203-b8ff-faf9cfb339c2","","","","","","","","","","","","","","",""
"","37232028","longirostris","Trachyrincus longirostris (Günther, 1878)","MACROURIDAE","Trachyrincus","","longirostris","","Valid Name","","Species","","Günther","1878","N","04f69978-f6a2-44ee-b80e-0d4578946ce0","20180411T22:50:16.904+0000","c111706c-fb4f-4a54-a06b-b28aecb5538f","20180731T05:42:43.637+0000","7382e696-3879-4388-bbd6-88b79af47463","c111706c-fb4f-4a54-a06b-b28aecb5538f","","","","","","","","","","","","","","",""
"","37287046","eschmeyeri","Trachyscorpia eschmeyeri Whitley, 1970","SEBASTIDAE","Trachyscorpia","","eschmeyeri","","Valid Name","","Species","","Whitley","1970","Y","1a90c374-468d-4886-9949-d094011295b8","20150316T06:26:21.845+0000","cd197bd9-a2ca-48bd-a9e8-5279f4ce808b","20150505T21:35:04.768+0000","da47a5e5-ddf9-4e15-a816-fb01c21bc55c","cd197bd9-a2ca-48bd-a9e8-5279f4ce808b","","","","","","","","","","","","","","",""
"","37224004","gilchristi","Tripterophycis gilchristi Boulenger, 1902","MORIDAE","Tripterophycis","","gilchristi","","Valid Name","","Species","","Boulenger","1902","Y","706fc109-828e-417b-9d2d-6fbf8239f99f","20151019T02:08:18.199+0000","75d7f354-f002-4f2b-b3d7-a159f5d7dab1","20151125T23:15:40.328+0000","e3ec7e7e-d0ee-4d37-a920-312d2e908640","75d7f354-f002-4f2b-b3d7-a159f5d7dab1","","","","","","","","","","","","","","",""
"","37445019","stewarti","Tubbia stewarti Last, Daley & Duhamel, 2013","CENTROLOPHIDAE","Tubbia","","stewarti","","Valid Name","","Species","","Last, Daley & Duhamel","2013","Y","60bf90ef-2ea7-414f-9b9a-c71c805df7f6","20131008T01:22:50.782+0000","98c3ad85-19f7-4682-8ccb-6c8f1502b79a","20131016T22:39:39.913+0000","2c98575a-dfe0-42b4-a1ed-59a6424f7325","98c3ad85-19f7-4682-8ccb-6c8f1502b79a","","","","","","","","","","","","","","",""
"","37445002","tasmanica","Tubbia tasmanica Whitley, 1943","CENTROLOPHIDAE","Tubbia","","tasmanica","","Valid Name","","Species","","Whitley","1943","Y","923ecc17-562d-45d2-bd1f-e696370b1874","20131016T22:39:39.913+0000","7b139e53-2ecb-4493-ba17-4d8d63eb2381","20131016T22:39:39.913+0000","2c98575a-dfe0-42b4-a1ed-59a6424f7325","7b139e53-2ecb-4493-ba17-4d8d63eb2381","","","","","","","","","","","","","","",""
"","37311053","anomalus","Verilus anomalus (Ogilby, 1896)","ACROPOMATIDAE","Verilus","","anomalus","","Valid Name","","Species","","Ogilby","1896","N","df625128-3769-4731-b3cf-39ec2f734928","20190126T05:55:54.686+0000","8461f747-14ed-4d45-aa86-ec0618d8cd36","20190201T00:12:16.832+0000","0cf678f8-f933-4b0f-843b-62e65a65e4e0","8461f747-14ed-4d45-aa86-ec0618d8cd36","","","","","","","","","","","","","","",""
"","37106005","attenuata","Vinciguerria attenuata (Cocco, 1838)","PHOSICHTHYIDAE","Vinciguerria","","attenuata","","Valid Name","","Species","","Cocco","1838","N","5be50d06-cc01-445e-9be6-261f1dc363ca","20081009T05:11:37.000+0000","1fdab218-be6c-42c4-9f01-561047c643ab","20100727T00:03:17.157+0000","79d22370-34a7-4303-8974-ab774e81c3b8","1fdab218-be6c-42c4-9f01-561047c643ab","","","","","","","","","","","","","","",""
"","37106006","nimbaria","Vinciguerria nimbaria (Jordan & Williams, 1896)","PHOSICHTHYIDAE","Vinciguerria","","nimbaria","","Valid Name","","Species","","Jordan & Williams","1896","N","4a173127-9b93-4165-b1e4-f94e38eb1581","20081009T05:11:37.000+0000","7bdc3cb7-5c70-413b-8116-937f57078607","20100727T00:03:17.157+0000","79d22370-34a7-4303-8974-ab774e81c3b8","7bdc3cb7-5c70-413b-8116-937f57078607","","","","","","","","","","","","","","",""
"","37342002","microlepis","Xenobrama microlepis Yatsu & Nakamura, 1989","BRAMIDAE","Xenobrama","","microlepis","","Valid Name","","Species","","Yatsu & Nakamura","1989","Y","f07e9696-3e03-4a79-b156-7edb250a3711","20131008T23:07:52.756+0000","aadd0717-8b15-4775-ad51-b7d39588b06d","20131008T23:07:52.756+0000","7b567034-b8aa-41e2-98a1-98e399da4f7c","aadd0717-8b15-4775-ad51-b7d39588b06d","","","","","","","","","","","","","","",""
"","37114002","copei","Xenodermichthys copei (Gill, 1884)","ALEPOCEPHALIDAE","Xenodermichthys","","copei","","Valid Name","","Species","","Gill","1884","N","64a6f432-73a9-4ed6-9824-a2a48f281e4f","20160523T00:06:44.378+0000","4b9859c9-8b64-458f-875a-d23a4e635542","20160606T05:32:28.811+0000","720237cb-f47c-4b86-856d-90e686137f32","4b9859c9-8b64-458f-875a-d23a4e635542","","","","","","","","","","","","","","",""
"","37442001","gladius","Xiphias gladius Linnaeus, 1758","XIPHIIDAE","Xiphias","","gladius","","Valid Name","","Species","","Linnaeus","1758","Y","eb8d4c17-1e9e-45df-b941-75252048d6be","20131008T23:07:52.756+0000","d8c21d8c-584c-431d-aef4-f42812de096a","20131008T23:07:52.756+0000","b2b54782-d62c-47af-a137-2c3a6671aeb1","d8c21d8c-584c-431d-aef4-f42812de096a","","","","","","","","","","","","","","",""
"","37264003","nebulosa","Zenopsis nebulosa (Temminck & Schlegel, 1845)","ZEIDAE","Zenopsis","","nebulosa","","Valid Name","","Species","","Temminck & Schlegel","1845","N","267b58c5-511b-4c93-9b9e-51ac76d64fb2","20130506T03:25:44.633+0000","4156f98a-c94a-43c0-9738-65eac5d9178c","20130506T04:26:12.282+0000","d37c2a74-e583-44a2-818b-d33743522728","4156f98a-c94a-43c0-9738-65eac5d9178c","","","","","","","","","","","","","","",""
